        0.0000000000 0 0 0 0 0
3863152453533536.0000000000 0 0 0 0 0
5726353621159232.0000000000 0 0 0 0 0
7545408581258096.0000000000 0 0 0 0 0
9321363322676032.0000000000 0 0 0 0 0
11055239050869224.0000000000 0 0 0 0 0
12748032775115360.0000000000 0 0 0 0 0
14400717881811672.0000000000 0 0 0 0 0
16014244694189360.0000000000 0 0 0 0 0
17589541018766296.0000000000 0 0 0 0 0
19127512678852112.0000000000 0 0 0 0 0
20629044035412864.0000000000 0 0 0 0 0
22094998495594120.0000000000 0 0 0 0 0
23526219009195416.0000000000 0 0 0 0 0
24923528553381312.0000000000 0 0 0 0 0
26287730605907872.0000000000 0 0 0 0 0
27619609607136584.0000000000 0 0 0 0 0
28919931411101520.0000000000 0 0 0 0 0
30189443725888952.0000000000 0 0 0 0 0
31428876543582736.0000000000 0 0 0 0 0
32638942560022736.0000000000 0 0 0 0 0
33820337584617560.0000000000 0 0 0 0 0
34973740940447288.0000000000 0 0 0 0 0
36099815854886280.0000000000 0 0 0 0 0
37199209840970720.0000000000 0 0 0 0 0
38272555069729984.0000000000 0 0 0 0 0
39320468733696328.0000000000 0 0 0 0 0
40343553401801416.0000000000 0 0 0 0 0
41342397365864208.0000000000 0 0 0 0 0
42317574978869136.0000000000 0 0 0 0 0
43269646985229312.0000000000 0 0 0 0 0
44199160843224416.0000000000 0 0 0 0 0
45106651039798992.0000000000 0 0 0 0 0
45992639397901888.0000000000 0 0 0 0 0
46857635376543680.0000000000 0 0 0 0 0
47702136363744672.0000000000 0 0 0 0 0
48526627962541784.0000000000 0 0 0 0 0
49331584270218928.0000000000 0 0 0 0 0
50117468150921360.0000000000 0 0 0 0 0
50884731501810744.0000000000 0 0 0 0 0
51633815512914048.0000000000 0 0 0 0 0
52365150920815616.0000000000 0 0 0 0 0
53079158256338360.0000000000 0 0 0 0 0
53776248086356400.0000000000 0 0 0 0 0
54456821249878352.0000000000 0 0 0 0 0
55121269088536784.0000000000 0 0 0 0 0
55769973671616680.0000000000 0 0 0 0 0
56403308015751984.0000000000 0 0 0 0 0
57021636299416816.0000000000 0 0 0 0 0
57625314072334496.0000000000 0 0 0 0 0
58214688459925032.0000000000 0 0 0 0 0
58790098362908288.0000000000 0 0 0 0 0
59351874652177968.0000000000 0 0 0 0 0
59900340359058224.0000000000 0 0 0 0 0
60435810861052408.0000000000 0 0 0 0 0
60958594063190688.0000000000 0 0 0 0 0
61468990575080944.0000000000 0 0 0 0 0
61967293883764592.0000000000 0 0 0 0 0
62453790522476856.0000000000 0 0 0 0 0
62928760235408448.0000000000 0 0 0 0 0
63392476138563424.0000000000 0 0 0 0 0
63845204876805728.0000000000 0 0 0 0 0
64287206777184752.0000000000 0 0 0 0 0
64718735998627952.0000000000 0 0 0 0 0
65140040678086784.0000000000 0 0 0 0 0
65551363073219816.0000000000 0 0 0 0 0
65952939701695168.0000000000 0 0 0 0 0
66345001477192424.0000000000 0 0 0 0 0
66727773842182008.0000000000 0 0 0 0 0
67101476897558664.0000000000 0 0 0 0 0
67466325529203352.0000000000 0 0 0 0 0
67822529531546416.0000000000 0 0 0 0 0
68170293728203144.0000000000 0 0 0 0 0
68509818089750936.0000000000 0 0 0 0 0
68841297848715960.0000000000 0 0 0 0 0
69164923611835296.0000000000 0 0 0 0 0
69480881469659200.0000000000 0 0 0 0 0
69789353103556456.0000000000 0 0 0 0 0
70090515890184416.0000000000 0 0 0 0 0
70384543003483664.0000000000 0 0 0 0 0
70671603514256168.0000000000 0 0 0 0 0
70951862487383936.0000000000 0 0 0 0 0
71225481076744280.0000000000 0 0 0 0 0
71492616617876128.0000000000 0 0 0 0 0
71753422718450776.0000000000 0 0 0 0 0
72008049346598992.0000000000 0 0 0 0 0
72256642917145376.0000000000 0 0 0 0 0
72499346375799472.0000000000 0 0 0 0 0
72736299281352048.0000000000 0 0 0 0 0
72967637885923952.0000000000 0 0 0 0 0
73193495213313408.0000000000 0 0 0 0 0
73414001135487136.0000000000 0 0 0 0 0
73629282447258976.0000000000 0 0 0 0 0
73839462939199200.0000000000 0 0 0 0 0
74044663468816256.0000000000 0 0 0 0 0
74245002030051952.0000000000 0 0 0 0 0
74440593821130128.0000000000 0 0 0 0 0
74631551310797632.0000000000 0 0 0 0 0
74817984302995872.0000000000 0 0 0 0 0
75000000000000000.0000000000 0 0 0 0 0
75150209318828144.0000000000 0 0 0 0 0
75301190016783216.0000000000 0 0 0 0 0
75452946055175760.0000000000 0 0 0 0 0
75605481415659072.0000000000 0 0 0 0 0
75758800100333680.0000000000 0 0 0 0 0
75912906131852352.0000000000 0 0 0 0 0
76067803553525600.0000000000 0 0 0 0 0
76223496429427840.0000000000 0 0 0 0 0
76379988844503952.0000000000 0 0 0 0 0
76537284904676480.0000000000 0 0 0 0 0
76695388736953376.0000000000 0 0 0 0 0
76854304489536272.0000000000 0 0 0 0 0
77014036331929312.0000000000 0 0 0 0 0
77174588455048544.0000000000 0 0 0 0 0
77335965071331872.0000000000 0 0 0 0 0
77498170414849616.0000000000 0 0 0 0 0
77661208741415584.0000000000 0 0 0 0 0
77825084328698688.0000000000 0 0 0 0 0
77989801476335232.0000000000 0 0 0 0 0
78155364506041712.0000000000 0 0 0 0 0
78321777761728224.0000000000 0 0 0 0 0
78489045609612352.0000000000 0 0 0 0 0
78657172438333824.0000000000 0 0 0 0 0
78826162659069632.0000000000 0 0 0 0 0
78996020705649712.0000000000 0 0 0 0 0
79166751034673376.0000000000 0 0 0 0 0
79338358125626112.0000000000 0 0 0 0 0
79510846480997264.0000000000 0 0 0 0 0
79684220626398016.0000000000 0 0 0 0 0
79858485110680240.0000000000 0 0 0 0 0
80033644506055808.0000000000 0 0 0 0 0
80209703408216512.0000000000 0 0 0 0 0
80386666436454720.0000000000 0 0 0 0 0
80564538233784560.0000000000 0 0 0 0 0
80743323467063632.0000000000 0 0 0 0 0
80923026827115616.0000000000 0 0 0 0 0
81103653028853216.0000000000 0 0 0 0 0
81285206811401952.0000000000 0 0 0 0 0
81467692938224432.0000000000 0 0 0 0 0
81651116197245408.0000000000 0 0 0 0 0
81835481400977312.0000000000 0 0 0 0 0
82020793386646592.0000000000 0 0 0 0 0
82207057016320592.0000000000 0 0 0 0 0
82394277177035120.0000000000 0 0 0 0 0
82582458780922704.0000000000 0 0 0 0 0
82771606765341440.0000000000 0 0 0 0 0
82961726093004528.0000000000 0 0 0 0 0
83152821752110496.0000000000 0 0 0 0 0
83344898756474080.0000000000 0 0 0 0 0
83537962145657760.0000000000 0 0 0 0 0
83732016985104016.0000000000 0 0 0 0 0
83927068366268176.0000000000 0 0 0 0 0
84123121406752016.0000000000 0 0 0 0 0
84320181250438096.0000000000 0 0 0 0 0
84518253067624640.0000000000 0 0 0 0 0
84717342055161200.0000000000 0 0 0 0 0
84917453436585104.0000000000 0 0 0 0 0
85118592462258352.0000000000 0 0 0 0 0
85320764409505472.0000000000 0 0 0 0 0
85523974582752000.0000000000 0 0 0 0 0
85728228313663536.0000000000 0 0 0 0 0
85933530961285808.0000000000 0 0 0 0 0
86139887912185104.0000000000 0 0 0 0 0
86347304580589696.0000000000 0 0 0 0 0
86555786408531872.0000000000 0 0 0 0 0
86765338865990752.0000000000 0 0 0 0 0
86975967451035744.0000000000 0 0 0 0 0
87187677689970816.0000000000 0 0 0 0 0
87400475137479552.0000000000 0 0 0 0 0
87614365376770816.0000000000 0 0 0 0 0
87829354019725248.0000000000 0 0 0 0 0
88045446707042544.0000000000 0 0 0 0 0
88262649108389440.0000000000 0 0 0 0 0
88480966922548448.0000000000 0 0 0 0 0
88700405877567392.0000000000 0 0 0 0 0
88920971730909664.0000000000 0 0 0 0 0
89142670269605344.0000000000 0 0 0 0 0
89365507310403008.0000000000 0 0 0 0 0
89589488699922304.0000000000 0 0 0 0 0
89814620314807408.0000000000 0 0 0 0 0
90040908061881184.0000000000 0 0 0 0 0
90268357878300160.0000000000 0 0 0 0 0
90496975731710304.0000000000 0 0 0 0 0
90726767620403616.0000000000 0 0 0 0 0
90957739573475504.0000000000 0 0 0 0 0
91189897650982912.0000000000 0 0 0 0 0
91423247944103408.0000000000 0 0 0 0 0
91657796575294944.0000000000 0 0 0 0 0
91893549698456512.0000000000 0 0 0 0 0
92130513499089600.0000000000 0 0 0 0 0
92368694194460448.0000000000 0 0 0 0 0
92608098033763264.0000000000 0 0 0 0 0
92848731298284080.0000000000 0 0 0 0 0
93090600301565616.0000000000 0 0 0 0 0
93333711389572912.0000000000 0 0 0 0 0
93578070940859840.0000000000 0 0 0 0 0
93823685366736432.0000000000 0 0 0 0 0
94070561111437152.0000000000 0 0 0 0 0
94318704652289888.0000000000 0 0 0 0 0
94568122499885968.0000000000 0 0 0 0 0
94818821198250976.0000000000 0 0 0 0 0
95070807325016416.0000000000 0 0 0 0 0
95324087491592304.0000000000 0 0 0 0 0
95578668343340640.0000000000 0 0 0 0 0
95834556559749760.0000000000 0 0 0 0 0
96091758854609568.0000000000 0 0 0 0 0
96350281976187728.0000000000 0 0 0 0 0
96610132707406704.0000000000 0 0 0 0 0
96871317866021696.0000000000 0 0 0 0 0
97133844304799536.0000000000 0 0 0 0 0
97397718911698512.0000000000 0 0 0 0 0
97662948610049072.0000000000 0 0 0 0 0
97929540358735424.0000000000 0 0 0 0 0
98197501152378192.0000000000 0 0 0 0 0
98466838021517920.0000000000 0 0 0 0 0
98737558032799472.0000000000 0 0 0 0 0
99009668289157536.0000000000 0 0 0 0 0
99283175930002896.0000000000 0 0 0 0 0
99558088131409840.0000000000 0 0 0 0 0
99834412106304320.0000000000 0 0 0 0 0
100112155104653330.0000000000 0 0 0 0 0
100391324413655020.0000000000 0 0 0 0 0
100671927357929980.0000000000 0 0 0 0 0
100953971299713340.0000000000 0 0 0 0 0
101237463639047980.0000000000 0 0 0 0 0
101522411813978670.0000000000 0 0 0 0 0
101808823300747230.0000000000 0 0 0 0 0
102096705613988670.0000000000 0 0 0 0 0
102386066306928400.0000000000 0 0 0 0 0
102676912971580340.0000000000 0 0 0 0 0
102969253238946140.0000000000 0 0 0 0 0
103263094779215440.0000000000 0 0 0 0 0
103558445301967040.0000000000 0 0 0 0 0
103855312556371230.0000000000 0 0 0 0 0
104153704331393060.0000000000 0 0 0 0 0
104453628455996770.0000000000 0 0 0 0 0
104755092799351150.0000000000 0 0 0 0 0
105058105271036000.0000000000 0 0 0 0 0
105362673821249680.0000000000 0 0 0 0 0
105668806441017660.0000000000 0 0 0 0 0
105976511162402300.0000000000 0 0 0 0 0
106285796058713410.0000000000 0 0 0 0 0
106596669244720190.0000000000 0 0 0 0 0
106909138876864140.0000000000 0 0 0 0 0
107223213153473020.0000000000 0 0 0 0 0
107538900314975940.0000000000 0 0 0 0 0
107856208644119600.0000000000 0 0 0 0 0
108175146466185650.0000000000 0 0 0 0 0
108495722149208990.0000000000 0 0 0 0 0
108817944104197440.0000000000 0 0 0 0 0
109141820785352400.0000000000 0 0 0 0 0
109467360690290640.0000000000 0 0 0 0 0
109794572360267230.0000000000 0 0 0 0 0
110123464380399730.0000000000 0 0 0 0 0
110454045379893310.0000000000 0 0 0 0 0
110786324032267300.0000000000 0 0 0 0 0
111120309055582590.0000000000 0 0 0 0 0
111456009212670610.0000000000 0 0 0 0 0
111793433311362940.0000000000 0 0 0 0 0
112132590204722660.0000000000 0 0 0 0 0
112473488791276460.0000000000 0 0 0 0 0
112816138015248260.0000000000 0 0 0 0 0
113160546866793700.0000000000 0 0 0 0 0
113506724382236220.0000000000 0 0 0 0 0
113854679644303970.0000000000 0 0 0 0 0
114204421782368220.0000000000 0 0 0 0 0
114555959972682900.0000000000 0 0 0 0 0
114909303438625220.0000000000 0 0 0 0 0
115264461450937860.0000000000 0 0 0 0 0
115621443327972060.0000000000 0 0 0 0 0
115980258435932190.0000000000 0 0 0 0 0
116340916189121440.0000000000 0 0 0 0 0
116703426050188860.0000000000 0 0 0 0 0
117067797530377650.0000000000 0 0 0 0 0
117434040189774610.0000000000 0 0 0 0 0
117802163637561100.0000000000 0 0 0 0 0
118172177532265090.0000000000 0 0 0 0 0
118544091582014560.0000000000 0 0 0 0 0
118917915544792260.0000000000 0 0 0 0 0
119293659228691680.0000000000 0 0 0 0 0
119671332492174460.0000000000 0 0 0 0 0
120050945244328910.0000000000 0 0 0 0 0
120432507445130190.0000000000 0 0 0 0 0
120816029105701490.0000000000 0 0 0 0 0
121201520288576740.0000000000 0 0 0 0 0
121588991107964590.0000000000 0 0 0 0 0
121978451730013860.0000000000 0 0 0 0 0
122369912373080140.0000000000 0 0 0 0 0
122763383307994060.0000000000 0 0 0 0 0
123158874858330620.0000000000 0 0 0 0 0
123556397400680110.0000000000 0 0 0 0 0
123955961364920380.0000000000 0 0 0 0 0
124357577234490450.0000000000 0 0 0 0 0
124761255546665600.0000000000 0 0 0 0 0
125167006892833820.0000000000 0 0 0 0 0
125574841918773740.0000000000 0 0 0 0 0
125984771324933840.0000000000 0 0 0 0 0
126396805866713330.0000000000 0 0 0 0 0
126810956354744260.0000000000 0 0 0 0 0
127227233655175140.0000000000 0 0 0 0 0
127645648689956180.0000000000 0 0 0 0 0
128066212437125650.0000000000 0 0 0 0 0
128488935931098050.0000000000 0 0 0 0 0
128913830262953630.0000000000 0 0 0 0 0
129340906580729280.0000000000 0 0 0 0 0
129770176089711070.0000000000 0 0 0 0 0
130201650052728380.0000000000 0 0 0 0 0
130635339790449150.0000000000 0 0 0 0 0
131071256681677150.0000000000 0 0 0 0 0
131509412163650340.0000000000 0 0 0 0 0
131949817732341060.0000000000 0 0 0 0 0
132392484942757630.0000000000 0 0 0 0 0
132837425409247520.0000000000 0 0 0 0 0
133284650805802020.0000000000 0 0 0 0 0
133734172866362670.0000000000 0 0 0 0 0
134186003385128960.0000000000 0 0 0 0 0
134640154216867860.0000000000 0 0 0 0 0
135096637277224930.0000000000 0 0 0 0 0
135555464543036770.0000000000 0 0 0 0 0
136016648052645470.0000000000 0 0 0 0 0
136480199906214270.0000000000 0 0 0 0 0
136946132266045150.0000000000 0 0 0 0 0
137414457356897940.0000000000 0 0 0 0 0
137885187466310960.0000000000 0 0 0 0 0
138358334944923520.0000000000 0 0 0 0 0
138833912206799940.0000000000 0 0 0 0 0
139311931729755230.0000000000 0 0 0 0 0
139792406055682450.0000000000 0 0 0 0 0
140275347790881890.0000000000 0 0 0 0 0
140760769606391680.0000000000 0 0 0 0 0
141248684238320350.0000000000 0 0 0 0 0
141739104488180930.0000000000 0 0 0 0 0
142232043223226820.0000000000 0 0 0 0 0
142727513376789500.0000000000 0 0 0 0 0
143225527948617680.0000000000 0 0 0 0 0
143726100005218530.0000000000 0 0 0 0 0
144229242680200480.0000000000 0 0 0 0 0
144734969174617730.0000000000 0 0 0 0 0
145243292757316640.0000000000 0 0 0 0 0
145754226765284030.0000000000 0 0 0 0 0
146267784603996770.0000000000 0 0 0 0 0
146783979747773860.0000000000 0 0 0 0 0
147302825740129730.0000000000 0 0 0 0 0
147824336194129660.0000000000 0 0 0 0 0
148348524792746940.0000000000 0 0 0 0 0
148875405289221820.0000000000 0 0 0 0 0
149404991507422460.0000000000 0 0 0 0 0
149937297342207680.0000000000 0 0 0 0 0
150472336759791200.0000000000 0 0 0 0 0
151010123798108420.0000000000 0 0 0 0 0
151550672567184670.0000000000 0 0 0 0 0
152093997249505220.0000000000 0 0 0 0 0
152640112100387580.0000000000 0 0 0 0 0
153189031448355580.0000000000 0 0 0 0 0
153740769695514940.0000000000 0 0 0 0 0
154295341317931710.0000000000 0 0 0 0 0
154852760866011520.0000000000 0 0 0 0 0
155413042964881730.0000000000 0 0 0 0 0
155976202314774910.0000000000 0 0 0 0 0
156542253691414780.0000000000 0 0 0 0 0
157111211946403520.0000000000 0 0 0 0 0
157683092007611900.0000000000 0 0 0 0 0
158257908879570590.0000000000 0 0 0 0 0
158835677643863870.0000000000 0 0 0 0 0
159416413459525570.0000000000 0 0 0 0 0
160000131563436420.0000000000 0 0 0 0 0
160586847270724220.0000000000 0 0 0 0 0
161176575975165500.0000000000 0 0 0 0 0
161769333149589250.0000000000 0 0 0 0 0
162365134346283070.0000000000 0 0 0 0 0
162963995197401280.0000000000 0 0 0 0 0
163565931415374850.0000000000 0 0 0 0 0
164170958793323780.0000000000 0 0 0 0 0
164779093205471490.0000000000 0 0 0 0 0
165390350607561220.0000000000 0 0 0 0 0
166004747037274820.0000000000 0 0 0 0 0
166622298614653220.0000000000 0 0 0 0 0
167243021542519840.0000000000 0 0 0 0 0
167866932106905280.0000000000 0 0 0 0 0
168494046677474880.0000000000 0 0 0 0 0
169124381707958080.0000000000 0 0 0 0 0
169757953736580160.0000000000 0 0 0 0 0
170394779386496130.0000000000 0 0 0 0 0
171034875366227070.0000000000 0 0 0 0 0
171678258470098180.0000000000 0 0 0 0 0
172324945578679620.0000000000 0 0 0 0 0
172974953659229440.0000000000 0 0 0 0 0
173628299766138620.0000000000 0 0 0 0 0
174285001041378720.0000000000 0 0 0 0 0
174945074714951390.0000000000 0 0 0 0 0
175608538105340540.0000000000 0 0 0 0 0
176275408619966940.0000000000 0 0 0 0 0
176945703755644540.0000000000 0 0 0 0 0
177619441099039870.0000000000 0 0 0 0 0
178296638327133380.0000000000 0 0 0 0 0
178977313207683070.0000000000 0 0 0 0 0
179661483599690880.0000000000 0 0 0 0 0
180349167453871300.0000000000 0 0 0 0 0
181040382813121890.0000000000 0 0 0 0 0
181735147812997340.0000000000 0 0 0 0 0
182433480682184860.0000000000 0 0 0 0 0
183135399742982460.0000000000 0 0 0 0 0
183840923411779900.0000000000 0 0 0 0 0
184550070199541700.0000000000 0 0 0 0 0
185262858712292860.0000000000 0 0 0 0 0
185979307651607040.0000000000 0 0 0 0 0
186699435815097280.0000000000 0 0 0 0 0
187423262096909120.0000000000 0 0 0 0 0
188150805488216380.0000000000 0 0 0 0 0
188882085077719420.0000000000 0 0 0 0 0
189617120052145920.0000000000 0 0 0 0 0
190355929696754430.0000000000 0 0 0 0 0
191098533395840220.0000000000 0 0 0 0 0
191844950633243970.0000000000 0 0 0 0 0
192595200992862780.0000000000 0 0 0 0 0
193349304159164290.0000000000 0 0 0 0 0
194107279917702940.0000000000 0 0 0 0 0
194869148155639170.0000000000 0 0 0 0 0
195634928862261060.0000000000 0 0 0 0 0
196404642129509060.0000000000 0 0 0 0 0
197178308152502940.0000000000 0 0 0 0 0
197955947230071680.0000000000 0 0 0 0 0
198737579765286080.0000000000 0 0 0 0 0
199523226265994080.0000000000 0 0 0 0 0
200312907345358880.0000000000 0 0 0 0 0
201106643722399680.0000000000 0 0 0 0 0
201904456222535330.0000000000 0 0 0 0 0
202706365778130750.0000000000 0 0 0 0 0
203512393429046080.0000000000 0 0 0 0 0
204322560323188770.0000000000 0 0 0 0 0
205136887717068450.0000000000 0 0 0 0 0
205955396976354530.0000000000 0 0 0 0 0
206778109576436930.0000000000 0 0 0 0 0
207605047102989410.0000000000 0 0 0 0 0
208436231252535940.0000000000 0 0 0 0 0
209271683833020100.0000000000 0 0 0 0 0
210111426764376960.0000000000 0 0 0 0 0
210955482079108540.0000000000 0 0 0 0 0
211803871922861600.0000000000 0 0 0 0 0
212656618555008900.0000000000 0 0 0 0 0
213513744349233020.0000000000 0 0 0 0 0
214375271794113600.0000000000 0 0 0 0 0
215241223493717120.0000000000 0 0 0 0 0
216111622168190300.0000000000 0 0 0 0 0
216986490654355810.0000000000 0 0 0 0 0
217865851906311740.0000000000 0 0 0 0 0
218749728996033920.0000000000 0 0 0 0 0
219638145113980800.0000000000 0 0 0 0 0
220531123569702500.0000000000 0 0 0 0 0
221428687792451970.0000000000 0 0 0 0 0
222330861331799900.0000000000 0 0 0 0 0
223237667858252380.0000000000 0 0 0 0 0
224149131163872320.0000000000 0 0 0 0 0
225065275162903330.0000000000 0 0 0 0 0
225986123892397380.0000000000 0 0 0 0 0
226911701512845310.0000000000 0 0 0 0 0
227842032308810820.0000000000 0 0 0 0 0
228777140689567680.0000000000 0 0 0 0 0
229717051189740060.0000000000 0 0 0 0 0
230661788469946270.0000000000 0 0 0 0 0
231611377317445920.0000000000 0 0 0 0 0
232565842646789980.0000000000 0 0 0 0 0
233525209500474720.0000000000 0 0 0 0 0
234489503049598750.0000000000 0 0 0 0 0
235458748594523260.0000000000 0 0 0 0 0
236432971565535970.0000000000 0 0 0 0 0
237412197523518400.0000000000 0 0 0 0 0
238396452160616220.0000000000 0 0 0 0 0
239385761300913820.0000000000 0 0 0 0 0
240380150901111390.0000000000 0 0 0 0 0
241379647051206180.0000000000 0 0 0 0 0
242384275975177180.0000000000 0 0 0 0 0
243394064031672800.0000000000 0 0 0 0 0
244409037714702620.0000000000 0 0 0 0 0
245429223654332700.0000000000 0 0 0 0 0
246454648617383940.0000000000 0 0 0 0 0
247485339508134660.0000000000 0 0 0 0 0
248521323369026300.0000000000 0 0 0 0 0
249562627381373020.0000000000 0 0 0 0 0
250609278866074910.0000000000 0 0 0 0 0
251661305284334660.0000000000 0 0 0 0 0
252718734238378140.0000000000 0 0 0 0 0
253781593472178820.0000000000 0 0 0 0 0
254849910872185310.0000000000 0 0 0 0 0
255923714468053150.0000000000 0 0 0 0 0
257003032433380580.0000000000 0 0 0 0 0
258087893086447170.0000000000 0 0 0 0 0
259178324890957120.0000000000 0 0 0 0 0
260274356456786270.0000000000 0 0 0 0 0
261376016540732190.0000000000 0 0 0 0 0
262483334047269310.0000000000 0 0 0 0 0
263596338029306620.0000000000 0 0 0 0 0
264715057688950590.0000000000 0 0 0 0 0
265839522378270940.0000000000 0 0 0 0 0
266969761600071070.0000000000 0 0 0 0 0
268105805008661470.0000000000 0 0 0 0 0
269247682410638660.0000000000 0 0 0 0 0
270395423765666750.0000000000 0 0 0 0 0
271549059187263330.0000000000 0 0 0 0 0
272708618943589890.0000000000 0 0 0 0 0
273874133458246110.0000000000 0 0 0 0 0
275045633311067360.0000000000 0 0 0 0 0
276223149238927940.0000000000 0 0 0 0 0
277406712136547010.0000000000 0 0 0 0 0
278596353057299040.0000000000 0 0 0 0 0
279792103214029060.0000000000 0 0 0 0 0
280993993979871300.0000000000 0 0 0 0 0
282202056889072220.0000000000 0 0 0 0 0
283416323637818210.0000000000 0 0 0 0 0
284636826085066980.0000000000 0 0 0 0 0
285863596253383330.0000000000 0 0 0 0 0
287096666329779740.0000000000 0 0 0 0 0
288336068666560640.0000000000 0 0 0 0 0
289581835782170880.0000000000 0 0 0 0 0
290834000362049600.0000000000 0 0 0 0 0
292092595259487490.0000000000 0 0 0 0 0
293357653496488770.0000000000 0 0 0 0 0
294629208264637120.0000000000 0 0 0 0 0
295907292925967620.0000000000 0 0 0 0 0
297191941013841280.0000000000 0 0 0 0 0
298483186233824640.0000000000 0 0 0 0 0
299781062464574980.0000000000 0 0 0 0 0
301085603758728700.0000000000 0 0 0 0 0
302396844343794300.0000000000 0 0 0 0 0
303714818623051390.0000000000 0 0 0 0 0
305039561176452990.0000000000 0 0 0 0 0
306371106761532030.0000000000 0 0 0 0 0
307709490314314370.0000000000 0 0 0 0 0
309054746950235140.0000000000 0 0 0 0 0
310406911965059460.0000000000 0 0 0 0 0
311766020835809150.0000000000 0 0 0 0 0
313132109221693700.0000000000 0 0 0 0 0
314505212965044800.0000000000 0 0 0 0 0
315885368092258110.0000000000 0 0 0 0 0
317272610814737790.0000000000 0 0 0 0 0
318666977529846140.0000000000 0 0 0 0 0
320068504821859520.0000000000 0 0 0 0 0
321477229462927680.0000000000 0 0 0 0 0
322893188414038780.0000000000 0 0 0 0 0
324316418825988540.0000000000 0 0 0 0 0
325746958040355900.0000000000 0 0 0 0 0
327184843590482240.0000000000 0 0 0 0 0
328630113202455940.0000000000 0 0 0 0 0
330082804796102660.0000000000 0 0 0 0 0
331542956485980220.0000000000 0 0 0 0 0
333010606582378110.0000000000 0 0 0 0 0
334485793592323330.0000000000 0 0 0 0 0
335968556220590210.0000000000 0 0 0 0 0
337458933370716030.0000000000 0 0 0 0 0
338956964146022020.0000000000 0 0 0 0 0
340462687850638850.0000000000 0 0 0 0 0
341976143990538110.0000000000 0 0 0 0 0
343497372274569020.0000000000 0 0 0 0 0
345026412615500100.0000000000 0 0 0 0 0
346563305131065980.0000000000 0 0 0 0 0
348108090145020800.0000000000 0 0 0 0 0
349660808188195650.0000000000 0 0 0 0 0
351221499999561730.0000000000 0 0 0 0 0
352790206527299900.0000000000 0 0 0 0 0
354366968929874820.0000000000 0 0 0 0 0
355951828577114620.0000000000 0 0 0 0 0
357544827051296190.0000000000 0 0 0 0 0
359146006148236800.0000000000 0 0 0 0 0
360755407878390270.0000000000 0 0 0 0 0
362373074467948930.0000000000 0 0 0 0 0
363999048359952380.0000000000 0 0 0 0 0
365633372215400450.0000000000 0 0 0 0 0
367276088914372160.0000000000 0 0 0 0 0
368927241557151740.0000000000 0 0 0 0 0
370586873465358910.0000000000 0 0 0 0 0
372255028183085180.0000000000 0 0 0 0 0
373931749478037060.0000000000 0 0 0 0 0
375617081342684100.0000000000 0 0 0 0 0
377311067995412670.0000000000 0 0 0 0 0
379013753881686850.0000000000 0 0 0 0 0
380725183675214400.0000000000 0 0 0 0 0
382445402279118080.0000000000 0 0 0 0 0
384174454827115140.0000000000 0 0 0 0 0
385912386684700350.0000000000 0 0 0 0 0
387659243450336640.0000000000 0 0 0 0 0
389415070956651840.0000000000 0 0 0 0 0
391179915271640770.0000000000 0 0 0 0 0
392953822699873660.0000000000 0 0 0 0 0
394736839783712130.0000000000 0 0 0 0 0
396529013304529020.0000000000 0 0 0 0 0
398330390283937020.0000000000 0 0 0 0 0
400141017985021120.0000000000 0 0 0 0 0
401960943913579710.0000000000 0 0 0 0 0
403790215819370880.0000000000 0 0 0 0 0
405628881697364290.0000000000 0 0 0 0 0
407476989789001600.0000000000 0 0 0 0 0
409334588583461820.0000000000 0 0 0 0 0
411201726818932990.0000000000 0 0 0 0 0
413078453483891520.0000000000 0 0 0 0 0
414964817818387710.0000000000 0 0 0 0 0
416860869315336580.0000000000 0 0 0 0 0
418766657721817730.0000000000 0 0 0 0 0
420682233040380030.0000000000 0 0 0 0 0
422607645530352960.0000000000 0 0 0 0 0
424542945709166270.0000000000 0 0 0 0 0
426488184353675070.0000000000 0 0 0 0 0
428443412501491390.0000000000 0 0 0 0 0
430408681452324350.0000000000 0 0 0 0 0
432384042769325570.0000000000 0 0 0 0 0
434369548280441790.0000000000 0 0 0 0 0
436365250079775300.0000000000 0 0 0 0 0
438371200528950140.0000000000 0 0 0 0 0
440387452258486660.0000000000 0 0 0 0 0
442414058169181310.0000000000 0 0 0 0 0
444451071433495740.0000000000 0 0 0 0 0
446498545496951420.0000000000 0 0 0 0 0
448556534079531330.0000000000 0 0 0 0 0
450625091177090690.0000000000 0 0 0 0 0
452704271062772540.0000000000 0 0 0 0 0
454794128288432060.0000000000 0 0 0 0 0
456894717686068100.0000000000 0 0 0 0 0
459006094369261760.0000000000 0 0 0 0 0
461128313734621890.0000000000 0 0 0 0 0
463261431463239230.0000000000 0 0 0 0 0
465405503522147200.0000000000 0 0 0 0 0
467560586165789630.0000000000 0 0 0 0 0
469726735937497660.0000000000 0 0 0 0 0
471904009670972990.0000000000 0 0 0 0 0
474092464491778370.0000000000 0 0 0 0 0
476292157818837310.0000000000 0 0 0 0 0
478503147365940540.0000000000 0 0 0 0 0
480725491143259140.0000000000 0 0 0 0 0
482959247458868160.0000000000 0 0 0 0 0
485204474920275330.0000000000 0 0 0 0 0
487461232435959300.0000000000 0 0 0 0 0
489729579216914560.0000000000 0 0 0 0 0
492009574778206080.0000000000 0 0 0 0 0
494301278940529920.0000000000 0 0 0 0 0
496604751831782850.0000000000 0 0 0 0 0
498920053888640260.0000000000 0 0 0 0 0
501247245858142080.0000000000 0 0 0 0 0
503586388799285440.0000000000 0 0 0 0 0
505937544084628160.0000000000 0 0 0 0 0
508300773401898300.0000000000 0 0 0 0 0
510676138755612030.0000000000 0 0 0 0 0
513063702468701820.0000000000 0 0 0 0 0
515463527184150850.0000000000 0 0 0 0 0
517875675866636030.0000000000 0 0 0 0 0
520300211804181440.0000000000 0 0 0 0 0
522737198609817660.0000000000 0 0 0 0 0
525186700223250820.0000000000 0 0 0 0 0
527648780912541310.0000000000 0 0 0 0 0
530123505275788670.0000000000 0 0 0 0 0
532610938242827140.0000000000 0 0 0 0 0
535111145076929090.0000000000 0 0 0 0 0
537624191376517500.0000000000 0 0 0 0 0
540150143076887230.0000000000 0 0 0 0 0
542689066451933760.0000000000 0 0 0 0 0
545241028115893950.0000000000 0 0 0 0 0
547806095025092540.0000000000 0 0 0 0 0
550384334479698880.0000000000 0 0 0 0 0
552975814125493250.0000000000 0 0 0 0 0
555580601955641790.0000000000 0 0 0 0 0
558198766312479170.0000000000 0 0 0 0 0
560830375889303680.0000000000 0 0 0 0 0
563475499732178180.0000000000 0 0 0 0 0
566134207241741500.0000000000 0 0 0 0 0
568806568175030530.0000000000 0 0 0 0 0
571492652647309440.0000000000 0 0 0 0 0
574192531133909500.0000000000 0 0 0 0 0
576906274472078340.0000000000 0 0 0 0 0
579633953862839040.0000000000 0 0 0 0 0
582375640872856450.0000000000 0 0 0 0 0
585131407436317060.0000000000 0 0 0 0 0
587901325856815490.0000000000 0 0 0 0 0
590685468809250560.0000000000 0 0 0 0 0
593483909341733500.0000000000 0 0 0 0 0
596296720877504130.0000000000 0 0 0 0 0
599123977216857340.0000000000 0 0 0 0 0
601965752539078400.0000000000 0 0 0 0 0
604822121404390140.0000000000 0 0 0 0 0
607693158755910140.0000000000 0 0 0 0 0
610578939921614850.0000000000 0 0 0 0 0
613479540616317180.0000000000 0 0 0 0 0
616395036943653630.0000000000 0 0 0 0 0
619325505398079870.0000000000 0 0 0 0 0
622271022866877950.0000000000 0 0 0 0 0
625231666632175100.0000000000 0 0 0 0 0
628207514372968960.0000000000 0 0 0 0 0
631198644167166980.0000000000 0 0 0 0 0
634205134493635840.0000000000 0 0 0 0 0
637227064234258180.0000000000 0 0 0 0 0
640264512676004990.0000000000 0 0 0 0 0
643317559513014020.0000000000 0 0 0 0 0
646386284848680320.0000000000 0 0 0 0 0
649470769197760130.0000000000 0 0 0 0 0
652571093488481540.0000000000 0 0 0 0 0
655687339064667780.0000000000 0 0 0 0 0
658819587687873020.0000000000 0 0 0 0 0
661967921539525630.0000000000 0 0 0 0 0
665132423223086460.0000000000 0 0 0 0 0
668313175766213250.0000000000 0 0 0 0 0
671510262622942210.0000000000 0 0 0 0 0
674723767675876100.0000000000 0 0 0 0 0
677953775238384260.0000000000 0 0 0 0 0
681200370056816130.0000000000 0 0 0 0 0
684463637312724740.0000000000 0 0 0 0 0
687743662625100420.0000000000 0 0 0 0 0
691040532052618240.0000000000 0 0 0 0 0
694354332095896060.0000000000 0 0 0 0 0
697685149699762940.0000000000 0 0 0 0 0
701033072255541380.0000000000 0 0 0 0 0
704398187603340420.0000000000 0 0 0 0 0
707780584034358660.0000000000 0 0 0 0 0
711180350293202940.0000000000 0 0 0 0 0
714597575580215420.0000000000 0 0 0 0 0
718032349553814020.0000000000 0 0 0 0 0
721484762332845060.0000000000 0 0 0 0 0
724954904498948220.0000000000 0 0 0 0 0
728442867098931580.0000000000 0 0 0 0 0
731948741647162620.0000000000 0 0 0 0 0
735472620127967620.0000000000 0 0 0 0 0
739014594998045820.0000000000 0 0 0 0 0
742574759188894460.0000000000 0 0 0 0 0
746153206109248000.0000000000 0 0 0 0 0
749750029647529090.0000000000 0 0 0 0 0
753365324174310140.0000000000 0 0 0 0 0
756999184544791300.0000000000 0 0 0 0 0
760651706101288700.0000000000 0 0 0 0 0
764322984675734780.0000000000 0 0 0 0 0
768013116592194300.0000000000 0 0 0 0 0
771722198669391230.0000000000 0 0 0 0 0
775450328223247490.0000000000 0 0 0 0 0
779197603069438340.0000000000 0 0 0 0 0
782964121525957890.0000000000 0 0 0 0 0
786749982415697920.0000000000 0 0 0 0 0
790555285069042430.0000000000 0 0 0 0 0
794380129326472320.0000000000 0 0 0 0 0
798224615541185150.0000000000 0 0 0 0 0
802088844581728900.0000000000 0 0 0 0 0
805972917834648320.0000000000 0 0 0 0 0
809876937207143300.0000000000 0 0 0 0 0
813801005129745540.0000000000 0 0 0 0 0
817745224559004160.0000000000 0 0 0 0 0
821709698980186370.0000000000 0 0 0 0 0
825694532409995010.0000000000 0 0 0 0 0
829699829399295230.0000000000 0 0 0 0 0
833725695035859840.0000000000 0 0 0 0 0
837772234947123460.0000000000 0 0 0 0 0
841839555302957570.0000000000 0 0 0 0 0
845927762818453630.0000000000 0 0 0 0 0
850036964756723070.0000000000 0 0 0 0 0
854167268931713150.0000000000 0 0 0 0 0
858318783711034370.0000000000 0 0 0 0 0
862491618018803330.0000000000 0 0 0 0 0
866685881338502270.0000000000 0 0 0 0 0
870901683715850750.0000000000 0 0 0 0 0
875139135761691650.0000000000 0 0 0 0 0
879398348654895740.0000000000 0 0 0 0 0
883679434145277440.0000000000 0 0 0 0 0
887982504556525570.0000000000 0 0 0 0 0
892307672789152900.0000000000 0 0 0 0 0
896655052323457280.0000000000 0 0 0 0 0
901024757222497410.0000000000 0 0 0 0 0
905416902135088640.0000000000 0 0 0 0 0
909831602298808830.0000000000 0 0 0 0 0
914268973543021820.0000000000 0 0 0 0 0
918729132291917950.0000000000 0 0 0 0 0
923212195567567360.0000000000 0 0 0 0 0
927718280992991490.0000000000 0 0 0 0 0
932247506795247230.0000000000 0 0 0 0 0
936799991808531200.0000000000 0 0 0 0 0
941375855477296510.0000000000 0 0 0 0 0
945975217859385860.0000000000 0 0 0 0 0
950598199629183100.0000000000 0 0 0 0 0
955244922080778880.0000000000 0 0 0 0 0
959915507131151620.0000000000 0 0 0 0 0
964610077323368700.0000000000 0 0 0 0 0
969328755829800190.0000000000 0 0 0 0 0
974071666455350020.0000000000 0 0 0 0 0
978838933640705790.0000000000 0 0 0 0 0
983630682465603330.0000000000 0 0 0 0 0
988447038652106750.0000000000 0 0 0 0 0
993288128567909760.0000000000 0 0 0 0 0
998154079229649410.0000000000 0 0 0 0 0
1003045018306238300.0000000000 0 0 0 0 0
1007961074122216100.0000000000 0 0 0 0 0
1012902375661115000.0000000000 0 0 0 0 0
1017869052568844000.0000000000 0 0 0 0 0
1022861235157090800.0000000000 0 0 0 0 0
1027879054406740900.0000000000 0 0 0 0 0
1032922641971314300.0000000000 0 0 0 0 0
1037992130180418200.0000000000 0 0 0 0 0
1043087652043220900.0000000000 0 0 0 0 0
1048209341251941500.0000000000 0 0 0 0 0
1053357332185355300.0000000000 0 0 0 0 0
1058531759912322800.0000000000 0 0 0 0 0
1063732760195331300.0000000000 0 0 0 0 0
1068960469494057100.0000000000 0 0 0 0 0
1074215024968946700.0000000000 0 0 0 0 0
1079496564484815400.0000000000 0 0 0 0 0
1084805226614463000.0000000000 0 0 0 0 0
1090141150642311600.0000000000 0 0 0 0 0
1095504476568059600.0000000000 0 0 0 0 0
1100895345110352800.0000000000 0 0 0 0 0
1106313897710479500.0000000000 0 0 0 0 0
1111760276536080100.0000000000 0 0 0 0 0
1117234624484875900.0000000000 0 0 0 0 0
1122737085188421000.0000000000 0 0 0 0 0
1128267803015869400.0000000000 0 0 0 0 0
1133826923077761700.0000000000 0 0 0 0 0
1139414591229834200.0000000000 0 0 0 0 0
1145030954076845700.0000000000 0 0 0 0 0
1150676158976423000.0000000000 0 0 0 0 0
1156350354042927100.0000000000 0 0 0 0 0
1162053688151339800.0000000000 0 0 0 0 0
1167786310941171200.0000000000 0 0 0 0 0
1173548372820381700.0000000000 0 0 0 0 0
1179340024969333200.0000000000 0 0 0 0 0
1185161419344752600.0000000000 0 0 0 0 0
1191012708683719700.0000000000 0 0 0 0 0
1196894046507673300.0000000000 0 0 0 0 0
1202805587126442500.0000000000 0 0 0 0 0
1208747485642290400.0000000000 0 0 0 0 0
1214719897953988100.0000000000 0 0 0 0 0
1220722980760903700.0000000000 0 0 0 0 0
1226756891567110900.0000000000 0 0 0 0 0
1232821788685525800.0000000000 0 0 0 0 0
1238917831242058000.0000000000 0 0 0 0 0
1245045179179784700.0000000000 0 0 0 0 0
1251203993263151100.0000000000 0 0 0 0 0
1257394435082184700.0000000000 0 0 0 0 0
1263616667056735000.0000000000 0 0 0 0 0
1269870852440738000.0000000000 0 0 0 0 0
1276157155326496500.0000000000 0 0 0 0 0
1282475740648987900.0000000000 0 0 0 0 0
1288826774190188300.0000000000 0 0 0 0 0
1295210422583425300.0000000000 0 0 0 0 0
1301626853317749800.0000000000 0 0 0 0 0
1308076234742326800.0000000000 0 0 0 0 0
1314558736070857700.0000000000 0 0 0 0 0
1321074527386017300.0000000000 0 0 0 0 0
1327623779643913500.0000000000 0 0 0 0 0
1334206664678578700.0000000000 0 0 0 0 0
1340823355206474800.0000000000 0 0 0 0 0
1347474024831023100.0000000000 0 0 0 0 0
1354158848047162900.0000000000 0 0 0 0 0
1360878000245928200.0000000000 0 0 0 0 0
1367631657719047900.0000000000 0 0 0 0 0
1374419997663573800.0000000000 0 0 0 0 0
1381243198186529000.0000000000 0 0 0 0 0
1388101438309579000.0000000000 0 0 0 0 0
1394994897973731100.0000000000 0 0 0 0 0
1401923758044055600.0000000000 0 0 0 0 0
1408888200314427900.0000000000 0 0 0 0 0
1415888407512302800.0000000000 0 0 0 0 0
1422924563303506200.0000000000 0 0 0 0 0
1429996852297053700.0000000000 0 0 0 0 0
1437105460049995000.0000000000 0 0 0 0 0
1444250573072282900.0000000000 0 0 0 0 0
1451432378831666200.0000000000 0 0 0 0 0
1458651065758607100.0000000000 0 0 0 0 0
1465906823251227400.0000000000 0 0 0 0 0
1473199841680277800.0000000000 0 0 0 0 0
1480530312394128100.0000000000 0 0 0 0 0
1487898427723794400.0000000000 0 0 0 0 0
1495304380987981800.0000000000 0 0 0 0 0
1502748366498154200.0000000000 0 0 0 0 0
1510230579563637800.0000000000 0 0 0 0 0
1517751216496742400.0000000000 0 0 0 0 0
1525310474617910300.0000000000 0 0 0 0 0
1532908552260898000.0000000000 0 0 0 0 0
1540545648777977300.0000000000 0 0 0 0 0
1548221964545163500.0000000000 0 0 0 0 0
1555937700967478300.0000000000 0 0 0 0 0
1563693060484229600.0000000000 0 0 0 0 0
1571488246574322900.0000000000 0 0 0 0 0
1579323463761603600.0000000000 0 0 0 0 0
1587198917620220900.0000000000 0 0 0 0 0
1595114814780019500.0000000000 0 0 0 0 0
1603071362931964200.0000000000 0 0 0 0 0
1611068770833588700.0000000000 0 0 0 0 0
1619107248314471700.0000000000 0 0 0 0 0
1627187006281741100.0000000000 0 0 0 0 0
1635308256725610800.0000000000 0 0 0 0 0
1643471212724941300.0000000000 0 0 0 0 0
1651676088452828400.0000000000 0 0 0 0 0
1659923099182223600.0000000000 0 0 0 0 0
1668212461291587100.0000000000 0 0 0 0 0
1676544392270556400.0000000000 0 0 0 0 0
1684919110725656800.0000000000 0 0 0 0 0
1693336836386041100.0000000000 0 0 0 0 0
1701797790109245700.0000000000 0 0 0 0 0
1710302193886995200.0000000000 0 0 0 0 0
1718850270851018000.0000000000 0 0 0 0 0
1727442245278904300.0000000000 0 0 0 0 0
1736078342599995600.0000000000 0 0 0 0 0
1744758789401290200.0000000000 0 0 0 0 0
1753483813433391400.0000000000 0 0 0 0 0
1762253643616490000.0000000000 0 0 0 0 0
1771068510046358800.0000000000 0 0 0 0 0
1779928644000397100.0000000000 0 0 0 0 0
1788834277943700500.0000000000 0 0 0 0 0
1797785645535152900.0000000000 0 0 0 0 0
1806782981633560300.0000000000 0 0 0 0 0
1815826522303819800.0000000000 0 0 0 0 0
1824916504823100200.0000000000 0 0 0 0 0
1834053167687076100.0000000000 0 0 0 0 0
1843236750616187100.0000000000 0 0 0 0 0
1852467494561919700.0000000000 0 0 0 0 0
1861745641713133300.0000000000 0 0 0 0 0
1871071435502419500.0000000000 0 0 0 0 0
1880445120612478700.0000000000 0 0 0 0 0
1889866942982546700.0000000000 0 0 0 0 0
1899337149814849500.0000000000 0 0 0 0 0
1908855989581081900.0000000000 0 0 0 0 0
1918423712028930600.0000000000 0 0 0 0 0
1928040568188631300.0000000000 0 0 0 0 0
1937706810379546400.0000000000 0 0 0 0 0
1947422692216788700.0000000000 0 0 0 0 0
1957188468617882100.0000000000 0 0 0 0 0
1967004395809437700.0000000000 0 0 0 0 0
1976870731333884700.0000000000 0 0 0 0 0
1986787734056229400.0000000000 0 0 0 0 0
1996755664170838800.0000000000 0 0 0 0 0
2006774783208271600.0000000000 0 0 0 0 0
2016845354042146300.0000000000 0 0 0 0 0
2026967640896026900.0000000000 0 0 0 0 0
2037141909350360100.0000000000 0 0 0 0 0
2047368426349451000.0000000000 0 0 0 0 0
2057647460208453400.0000000000 0 0 0 0 0
2067979280620417500.0000000000 0 0 0 0 0
2078364158663368700.0000000000 0 0 0 0 0
2088802366807412500.0000000000 0 0 0 0 0
2099294178921885200.0000000000 0 0 0 0 0
2109839870282547200.0000000000 0 0 0 0 0
2120439717578792400.0000000000 0 0 0 0 0
2131093998920921300.0000000000 0 0 0 0 0
2141802993847426800.0000000000 0 0 0 0 0
2152566983332331800.0000000000 0 0 0 0 0
2163386249792568800.0000000000 0 0 0 0 0
2174261077095376600.0000000000 0 0 0 0 0
2185191750565756700.0000000000 0 0 0 0 0
2196178556993961200.0000000000 0 0 0 0 0
2207221784643009800.0000000000 0 0 0 0 0
2218321723256255500.0000000000 0 0 0 0 0
2229478664064994600.0000000000 0 0 0 0 0
2240692899796095700.0000000000 0 0 0 0 0
2251964724679685100.0000000000 0 0 0 0 0
2263294434456874000.0000000000 0 0 0 0 0
2274682326387503600.0000000000 0 0 0 0 0
2286128699257953000.0000000000 0 0 0 0 0
2297633853388983600.0000000000 0 0 0 0 0
2309198090643604500.0000000000 0 0 0 0 0
2320821714435002400.0000000000 0 0 0 0 0
2332505029734506000.0000000000 0 0 0 0 0
2344248343079574500.0000000000 0 0 0 0 0
2356051962581850100.0000000000 0 0 0 0 0
2367916197935243300.0000000000 0 0 0 0 0
2379841360424050700.0000000000 0 0 0 0 0
2391827762931124200.0000000000 0 0 0 0 0
2403875719946090000.0000000000 0 0 0 0 0
2415985547573585400.0000000000 0 0 0 0 0
2428157563541558800.0000000000 0 0 0 0 0
2440392087209613800.0000000000 0 0 0 0 0
2452689439577373700.0000000000 0 0 0 0 0
2465049943292911100.0000000000 0 0 0 0 0
2477473922661218800.0000000000 0 0 0 0 0
2489961703652708400.0000000000 0 0 0 0 0
2502513613911764500.0000000000 0 0 0 0 0
2515129982765353500.0000000000 0 0 0 0 0
2527811141231645700.0000000000 0 0 0 0 0
2540557422028710900.0000000000 0 0 0 0 0
2553369159583252500.0000000000 0 0 0 0 0
2566246690039369700.0000000000 0 0 0 0 0
2579190351267381800.0000000000 0 0 0 0 0
2592200482872702000.0000000000 0 0 0 0 0
2605277426204733400.0000000000 0 0 0 0 0
2618421524365831200.0000000000 0 0 0 0 0
2631633122220312600.0000000000 0 0 0 0 0
2644912566403486700.0000000000 0 0 0 0 0
2658260205330772000.0000000000 0 0 0 0 0
2671676389206817300.0000000000 0 0 0 0 0
2685161470034699300.0000000000 0 0 0 0 0
2698715801625164800.0000000000 0 0 0 0 0
2712339739605899300.0000000000 0 0 0 0 0
2726033641430865900.0000000000 0 0 0 0 0
2739797866389688300.0000000000 0 0 0 0 0
2753632775617067000.0000000000 0 0 0 0 0
2767538732102258200.0000000000 0 0 0 0 0
2781516100698607600.0000000000 0 0 0 0 0
2795565248133105700.0000000000 0 0 0 0 0
2809686543016021000.0000000000 0 0 0 0 0
2823880355850573800.0000000000 0 0 0 0 0
2838147059042646000.0000000000 0 0 0 0 0
2852487026910558700.0000000000 0 0 0 0 0
2866900635694900200.0000000000 0 0 0 0 0
2881388263568381400.0000000000 0 0 0 0 0
2895950290645768200.0000000000 0 0 0 0 0
2910587098993860600.0000000000 0 0 0 0 0
2925299072641500700.0000000000 0 0 0 0 0
2940086597589659100.0000000000 0 0 0 0 0
2954950061821567500.0000000000 0 0 0 0 0
2969889855312885200.0000000000 0 0 0 0 0
2984906370041935400.0000000000 0 0 0 0 0
