31850000.000000 40300000.000000 40300000.000000 40300000.000000 0.300000 1220.000000
95550000.000000 40300000.000000 40300000.000000 40300000.000000 0.300000 1220.000000
159250000.000000 40300000.000000 40300000.000000 40300000.000000 0.300000 1220.000000
222950000.000000 40300000.000000 40300000.000000 40300000.000000 0.300000 1220.000000
286650000.000000 40300000.000000 40300000.000000 40300000.000000 0.300000 1220.000000
350350000.000000 40300000.000000 40300000.000000 40300000.000000 0.300000 1220.000000
414050000.000000 40300000.000000 40300000.000000 40300000.000000 0.300000 1220.000000
477750000.000000 40300000.000000 40300000.000000 40300000.000000 0.300000 1220.000000
541450000.000000 40300000.000000 40300000.000000 40300000.000000 0.300000 1220.000000
605150000.000000 40300000.000000 40300000.000000 40300000.000000 0.300000 1220.000000
668850000.000000 40300000.000000 40300000.000000 40300000.000000 0.300000 1220.000000
732550000.000000 40300000.000000 40300000.000000 40300000.000000 0.300000 1220.000000
796250000.000000 40300000.000000 40300000.000000 40300000.000000 0.300000 1220.000000
859950000.000000 40300000.000000 40300000.000000 40300000.000000 0.300000 1220.000000
923650000.000000 40300000.000000 40300000.000000 40300000.000000 0.300000 1220.000000
987350000.000000 40300000.000000 40300000.000000 40300000.000000 0.300000 1220.000000
1051050000.000000 40300000.000000 40300000.000000 40300000.000000 0.300000 1220.000000
1114750000.000000 40300000.000000 40300000.000000 40300000.000000 0.300000 1220.000000
1178450000.000000 40300000.000000 40300000.000000 40300000.000000 0.300000 1220.000000
1242150000.000000 40300000.000000 40300000.000000 40300000.000000 0.300000 1220.000000
1305850000.000000 40300000.000000 40300000.000000 40300000.000000 0.300000 1220.000000
1369550000.000000 40300000.000000 40300000.000000 40300000.000000 0.300000 1220.000000
1433250000.000000 40300000.000000 40300000.000000 40300000.000000 0.300000 1220.000000
1496950000.000000 40300000.000000 40300000.000000 40300000.000000 0.300000 1220.000000
1560650000.000000 40300000.000000 40300000.000000 40300000.000000 0.300000 1220.000000
1624350000.000000 40300000.000000 40300000.000000 40300000.000000 0.300000 1220.000000
1688050000.000000 40300000.000000 40300000.000000 40300000.000000 0.300000 1220.000000
1751750000.000000 40300000.000000 40300000.000000 40300000.000000 0.300000 1220.000000
1815450000.000000 40300000.000000 40300000.000000 40300000.000000 0.300000 1220.000000
1879150000.000000 40300000.000000 40300000.000000 40300000.000000 0.300000 1220.000000
1942850000.000000 40300000.000000 40300000.000000 40300000.000000 0.300000 1220.000000
2006550000.000000 40300000.000000 40300000.000000 40300000.000000 0.300000 1220.000000
2070250000.000000 40300000.000000 40300000.000000 40300000.000000 0.300000 1220.000000
2133950000.000000 40300000.000000 40300000.000000 40300000.000000 0.300000 1220.000000
2197650000.000000 40300000.000000 40300000.000000 40300000.000000 0.300000 1220.000000
2261350000.000000 40300000.000000 40300000.000000 40300000.000000 0.300000 1220.000000
2325050000.000000 40300000.000000 40300000.000000 40300000.000000 0.300000 1220.000000
2388750000.000000 40300000.000000 40300000.000000 40300000.000000 0.300000 1220.000000
2452450000.000000 40300000.000000 40300000.000000 40300000.000000 0.300000 1220.000000
2516150000.000000 40300000.000000 40300000.000000 40300000.000000 0.300000 1220.000000
2579850000.000000 40300000.000000 40300000.000000 40300000.000000 0.300000 1220.000000
2643550000.000000 40300000.000000 40300000.000000 40300000.000000 0.300000 1220.000000
2707250000.000000 40300000.000000 40300000.000000 40300000.000000 0.300000 1220.000000
2770950000.000000 40300000.000000 40300000.000000 40300000.000000 0.300000 1220.000000
2834650000.000000 40300000.000000 40300000.000000 40300000.000000 0.300000 1220.000000
2898350000.000000 40300000.000000 40300000.000000 40300000.000000 0.300000 1220.000000
2962050000.000000 40300000.000000 40300000.000000 40300000.000000 0.300000 1220.000000
3025750000.000000 40300000.000000 40300000.000000 40300000.000000 0.300000 1220.000000
3089450000.000000 40300000.000000 40300000.000000 40300000.000000 0.300000 1220.000000
3153150000.000000 40300000.000000 40300000.000000 40300000.000000 0.300000 1220.000000
3216850000.000000 40300000.000000 40300000.000000 40300000.000000 0.300000 1220.000000
3280550000.000000 40300000.000000 40300000.000000 40300000.000000 0.300000 1220.000000
3344250000.000000 40300000.000000 40300000.000000 40300000.000000 0.300000 1220.000000
3407950000.000000 40300000.000000 40300000.000000 40300000.000000 0.300000 1220.000000
3471650000.000000 40300000.000000 40300000.000000 40300000.000000 0.300000 1220.000000
3535350000.000000 40300000.000000 40300000.000000 40300000.000000 0.300000 1220.000000
3599050000.000000 40300000.000000 40300000.000000 40300000.000000 0.300000 1220.000000
3662750000.000000 40300000.000000 40300000.000000 40300000.000000 0.300000 1220.000000
3726450000.000000 40300000.000000 40300000.000000 40300000.000000 0.300000 1220.000000
3790150000.000000 40300000.000000 40300000.000000 40300000.000000 0.300000 1220.000000
3853850000.000000 40300000.000000 40300000.000000 40300000.000000 0.300000 1220.000000
3917550000.000000 40300000.000000 40300000.000000 40300000.000000 0.300000 1220.000000
3981250000.000000 40300000.000000 40300000.000000 40300000.000000 0.300000 1220.000000
4044950000.000000 40300000.000000 40300000.000000 40300000.000000 0.300000 1220.000000
4108650000.000000 40300000.000000 40300000.000000 40300000.000000 0.300000 1220.000000
4172350000.000000 40300000.000000 40300000.000000 40300000.000000 0.300000 1220.000000
4236050000.000000 40300000.000000 40300000.000000 40300000.000000 0.300000 1220.000000
4299750000.000000 40300000.000000 40300000.000000 40300000.000000 0.300000 1220.000000
4363450000.000000 40300000.000000 40300000.000000 40300000.000000 0.300000 1220.000000
4427150000.000000 40300000.000000 40300000.000000 40300000.000000 0.300000 1220.000000
4490850000.000000 40300000.000000 40300000.000000 40300000.000000 0.300000 1220.000000
4554550000.000000 40300000.000000 40300000.000000 40300000.000000 0.300000 1220.000000
4618250000.000000 40300000.000000 40300000.000000 40300000.000000 0.300000 1220.000000
4681950000.000000 40300000.000000 40300000.000000 40300000.000000 0.300000 1220.000000
4745650000.000000 40300000.000000 40300000.000000 40300000.000000 0.300000 1220.000000
4809350000.000000 40300000.000000 40300000.000000 40300000.000000 0.300000 1220.000000
4873050000.000000 40300000.000000 40300000.000000 40300000.000000 0.300000 1220.000000
4936750000.000000 40300000.000000 40300000.000000 40300000.000000 0.300000 1220.000000
5000450000.000000 40300000.000000 40300000.000000 40300000.000000 0.300000 1220.000000
5064150000.000000 40300000.000000 40300000.000000 40300000.000000 0.300000 1220.000000
5127850000.000000 40300000.000000 40300000.000000 40300000.000000 0.300000 1220.000000
5191550000.000000 40300000.000000 40300000.000000 40300000.000000 0.300000 1220.000000
5255250000.000000 40300000.000000 40300000.000000 40300000.000000 0.300000 1220.000000
5318950000.000000 40300000.000000 40300000.000000 40300000.000000 0.300000 1220.000000
5382650000.000000 40300000.000000 40300000.000000 40300000.000000 0.300000 1220.000000
5446350000.000000 40300000.000000 40300000.000000 40300000.000000 0.300000 1220.000000
5510050000.000000 40300000.000000 40300000.000000 40300000.000000 0.300000 1220.000000
5573750000.000000 40300000.000000 40300000.000000 40300000.000000 0.300000 1220.000000
5637450000.000000 40300000.000000 40300000.000000 40300000.000000 0.300000 1220.000000
5701150000.000000 40300000.000000 40300000.000000 40300000.000000 0.300000 1220.000000
5764850000.000000 40300000.000000 40300000.000000 40300000.000000 0.300000 1220.000000
5828550000.000000 40300000.000000 40300000.000000 40300000.000000 0.300000 1220.000000
5892250000.000000 40300000.000000 40300000.000000 40300000.000000 0.300000 1220.000000
5955950000.000000 40300000.000000 40300000.000000 40300000.000000 0.300000 1220.000000
6019650000.000000 40300000.000000 40300000.000000 40300000.000000 0.300000 1220.000000
6083350000.000000 40300000.000000 40300000.000000 40300000.000000 0.300000 1220.000000
6147050000.000000 40300000.000000 40300000.000000 40300000.000000 0.300000 1220.000000
6210750000.000000 40300000.000000 40300000.000000 40300000.000000 0.300000 1220.000000
6274450000.000000 40300000.000000 40300000.000000 40300000.000000 0.300000 1220.000000
6338150000.000000 40300000.000000 40300000.000000 40300000.000000 0.300000 1220.000000
31850000.000000 40300000.000000 40300000.000000 40300000.000000 0.000300 1220.000000
95550000.000000 40300000.000000 40300000.000000 40300000.000000 0.000000 1220.000000
159250000.000000 40300000.000000 40300000.000000 40300000.000000 0.000000 1220.000000
222950000.000000 40300000.000000 40300000.000000 40300000.000000 0.000000 1220.000000
286650000.000000 40300000.000000 40300000.000000 40300000.000000 0.000000 1220.000000
350350000.000000 40300000.000000 40300000.000000 40300000.000000 0.000000 1220.000000
414050000.000000 40300000.000000 40300000.000000 40300000.000000 0.000000 1220.000000
477750000.000000 40300000.000000 40300000.000000 40300000.000000 0.000000 1220.000000
541450000.000000 40300000.000000 40300000.000000 40300000.000000 0.000000 1220.000000
605150000.000000 40300000.000000 40300000.000000 40300000.000000 0.000000 1220.000000
668850000.000000 40300000.000000 40300000.000000 40300000.000000 0.000000 1220.000000
732550000.000000 40300000.000000 40300000.000000 40300000.000000 0.000000 1220.000000
796250000.000000 40300000.000000 40300000.000000 40300000.000000 0.000000 1220.000000
859950000.000000 40300000.000000 40300000.000000 40300000.000000 0.000000 1220.000000
923650000.000000 40300000.000000 40300000.000000 40300000.000000 0.000000 1220.000000
987350000.000000 40300000.000000 40300000.000000 40300000.000000 0.000000 1220.000000
1051050000.000000 40300000.000000 40300000.000000 40300000.000000 0.000000 1220.000000
1114750000.000000 40300000.000000 40300000.000000 40300000.000000 0.000000 1220.000000
1178450000.000000 40300000.000000 40300000.000000 40300000.000000 0.000000 1220.000000
1242150000.000000 40300000.000000 40300000.000000 40300000.000000 0.000000 1220.000000
1305850000.000000 40300000.000000 40300000.000000 40300000.000000 0.000000 1220.000000
1369550000.000000 40300000.000000 40300000.000000 40300000.000000 0.000000 1220.000000
1433250000.000000 40300000.000000 40300000.000000 40300000.000000 0.000000 1220.000000
1496950000.000000 40300000.000000 40300000.000000 40300000.000000 0.000000 1220.000000
1560650000.000000 40300000.000000 40300000.000000 40300000.000000 0.000000 1220.000000
1624350000.000000 40300000.000000 40300000.000000 40300000.000000 0.000000 1220.000000
1688050000.000000 40300000.000000 40300000.000000 40300000.000000 0.000000 1220.000000
1751750000.000000 40300000.000000 40300000.000000 40300000.000000 0.000000 1220.000000
1815450000.000000 40300000.000000 40300000.000000 40300000.000000 0.000000 1220.000000
1879150000.000000 40300000.000000 40300000.000000 40300000.000000 0.000000 1220.000000
1942850000.000000 40300000.000000 40300000.000000 40300000.000000 0.000000 1220.000000
2006550000.000000 40300000.000000 40300000.000000 40300000.000000 0.000000 1220.000000
2070250000.000000 40300000.000000 40300000.000000 40300000.000000 0.000000 1220.000000
2133950000.000000 40300000.000000 40300000.000000 40300000.000000 0.000000 1220.000000
2197650000.000000 40300000.000000 40300000.000000 40300000.000000 0.000000 1220.000000
2261350000.000000 40300000.000000 40300000.000000 40300000.000000 0.000000 1220.000000
2325050000.000000 40300000.000000 40300000.000000 40300000.000000 0.000000 1220.000000
2388750000.000000 40300000.000000 40300000.000000 40300000.000000 0.000000 1220.000000
2452450000.000000 40300000.000000 40300000.000000 40300000.000000 0.000000 1220.000000
2516150000.000000 40300000.000000 40300000.000000 40300000.000000 0.000000 1220.000000
2579850000.000000 40300000.000000 40300000.000000 40300000.000000 0.000000 1220.000000
2643550000.000000 40300000.000000 40300000.000000 40300000.000000 0.000000 1220.000000
2707250000.000000 40300000.000000 40300000.000000 40300000.000000 0.000000 1220.000000
2770950000.000000 40300000.000000 40300000.000000 40300000.000000 0.000000 1220.000000
2834650000.000000 40300000.000000 40300000.000000 40300000.000000 0.000000 1220.000000
2898350000.000000 40300000.000000 40300000.000000 40300000.000000 0.000000 1220.000000
2962050000.000000 40300000.000000 40300000.000000 40300000.000000 0.000000 1220.000000
3025750000.000000 40300000.000000 40300000.000000 40300000.000000 0.000000 1220.000000
3089450000.000000 40300000.000000 40300000.000000 40300000.000000 0.000000 1220.000000
3153150000.000000 40300000.000000 40300000.000000 40300000.000000 0.000000 1220.000000
3216850000.000000 40300000.000000 40300000.000000 40300000.000000 0.000000 1220.000000
3280550000.000000 40300000.000000 40300000.000000 40300000.000000 0.000000 1220.000000
3344250000.000000 40300000.000000 40300000.000000 40300000.000000 0.000000 1220.000000
3407950000.000000 40300000.000000 40300000.000000 40300000.000000 0.000000 1220.000000
3471650000.000000 40300000.000000 40300000.000000 40300000.000000 0.000000 1220.000000
3535350000.000000 40300000.000000 40300000.000000 40300000.000000 0.000000 1220.000000
3599050000.000000 40300000.000000 40300000.000000 40300000.000000 0.000000 1220.000000
3662750000.000000 40300000.000000 40300000.000000 40300000.000000 0.000000 1220.000000
3726450000.000000 40300000.000000 40300000.000000 40300000.000000 0.000000 1220.000000
3790150000.000000 40300000.000000 40300000.000000 40300000.000000 0.000000 1220.000000
3853850000.000000 40300000.000000 40300000.000000 40300000.000000 0.000000 1220.000000
3917550000.000000 40300000.000000 40300000.000000 40300000.000000 0.000000 1220.000000
3981250000.000000 40300000.000000 40300000.000000 40300000.000000 0.000000 1220.000000
4044950000.000000 40300000.000000 40300000.000000 40300000.000000 0.000000 1220.000000
4108650000.000000 40300000.000000 40300000.000000 40300000.000000 0.000000 1220.000000
4172350000.000000 40300000.000000 40300000.000000 40300000.000000 0.000000 1220.000000
4236050000.000000 40300000.000000 40300000.000000 40300000.000000 0.000000 1220.000000
4299750000.000000 40300000.000000 40300000.000000 40300000.000000 0.000000 1220.000000
4363450000.000000 40300000.000000 40300000.000000 40300000.000000 0.000000 1220.000000
4427150000.000000 40300000.000000 40300000.000000 40300000.000000 0.000000 1220.000000
4490850000.000000 40300000.000000 40300000.000000 40300000.000000 0.000000 1220.000000
4554550000.000000 40300000.000000 40300000.000000 40300000.000000 0.000000 1220.000000
4618250000.000000 40300000.000000 40300000.000000 40300000.000000 0.000000 1220.000000
4681950000.000000 40300000.000000 40300000.000000 40300000.000000 0.000000 1220.000000
4745650000.000000 40300000.000000 40300000.000000 40300000.000000 0.000000 1220.000000
4809350000.000000 40300000.000000 40300000.000000 40300000.000000 0.000000 1220.000000
4873050000.000000 40300000.000000 40300000.000000 40300000.000000 0.000000 1220.000000
4936750000.000000 40300000.000000 40300000.000000 40300000.000000 0.000000 1220.000000
5000450000.000000 40300000.000000 40300000.000000 40300000.000000 0.000000 1220.000000
5064150000.000000 40300000.000000 40300000.000000 40300000.000000 0.000000 1220.000000
5127850000.000000 40300000.000000 40300000.000000 40300000.000000 0.000000 1220.000000
5191550000.000000 40300000.000000 40300000.000000 40300000.000000 0.000000 1220.000000
5255250000.000000 40300000.000000 40300000.000000 40300000.000000 0.000000 1220.000000
5318950000.000000 40300000.000000 40300000.000000 40300000.000000 0.000000 1220.000000
5382650000.000000 40300000.000000 40300000.000000 40300000.000000 0.000000 1220.000000
5446350000.000000 40300000.000000 40300000.000000 40300000.000000 0.000000 1220.000000
5510050000.000000 40300000.000000 40300000.000000 40300000.000000 0.000000 1220.000000
5573750000.000000 40300000.000000 40300000.000000 40300000.000000 0.000000 1220.000000
5637450000.000000 40300000.000000 40300000.000000 40300000.000000 0.000000 1220.000000
5701150000.000000 40300000.000000 40300000.000000 40300000.000000 0.000000 1220.000000
5764850000.000000 40300000.000000 40300000.000000 40300000.000000 0.000000 1220.000000
5828550000.000000 40300000.000000 40300000.000000 40300000.000000 0.000000 1220.000000
5892250000.000000 40300000.000000 40300000.000000 40300000.000000 0.000000 1220.000000
5955950000.000000 40300000.000000 40300000.000000 40300000.000000 0.000000 1220.000000
6019650000.000000 40300000.000000 40300000.000000 40300000.000000 0.000000 1220.000000
6083350000.000000 40300000.000000 40300000.000000 40300000.000000 0.000000 1220.000000
6147050000.000000 40300000.000000 40300000.000000 40300000.000000 0.000000 1220.000000
6210750000.000000 40300000.000000 40300000.000000 40300000.000000 0.000000 1220.000000
6274450000.000000 40300000.000000 40300000.000000 40300000.000000 0.000000 1220.000000
6338150000.000000 39498929.663609 39498929.663609 40300000.000000 0.000000 1220.000000
31850000.000000 40300000.000000 40300000.000000 40300000.000000 0.000300 1220.000000
95550000.000000 40300000.000000 40300000.000000 40300000.000000 0.000000 1220.000000
159250000.000000 40300000.000000 40300000.000000 40300000.000000 0.000000 1220.000000
222950000.000000 40300000.000000 40300000.000000 40300000.000000 0.000000 1220.000000
286650000.000000 40300000.000000 40300000.000000 40300000.000000 0.000000 1220.000000
350350000.000000 40300000.000000 40300000.000000 40300000.000000 0.000000 1220.000000
414050000.000000 40300000.000000 40300000.000000 40300000.000000 0.000000 1220.000000
477750000.000000 40300000.000000 40300000.000000 40300000.000000 0.000000 1220.000000
541450000.000000 40300000.000000 40300000.000000 40300000.000000 0.000000 1220.000000
605150000.000000 40300000.000000 40300000.000000 40300000.000000 0.000000 1220.000000
668850000.000000 40300000.000000 40300000.000000 40300000.000000 0.000000 1220.000000
732550000.000000 40300000.000000 40300000.000000 40300000.000000 0.000000 1220.000000
796250000.000000 40300000.000000 40300000.000000 40300000.000000 0.000000 1220.000000
859950000.000000 40300000.000000 40300000.000000 40300000.000000 0.000000 1220.000000
923650000.000000 40300000.000000 40300000.000000 40300000.000000 0.000000 1220.000000
987350000.000000 40300000.000000 40300000.000000 40300000.000000 0.000000 1220.000000
1051050000.000000 40300000.000000 40300000.000000 40300000.000000 0.000000 1220.000000
1114750000.000000 40300000.000000 40300000.000000 40300000.000000 0.000000 1220.000000
1178450000.000000 40300000.000000 40300000.000000 40300000.000000 0.000000 1220.000000
1242150000.000000 40300000.000000 40300000.000000 40300000.000000 0.000000 1220.000000
1305850000.000000 40300000.000000 40300000.000000 40300000.000000 0.000000 1220.000000
1369550000.000000 40300000.000000 40300000.000000 40300000.000000 0.000000 1220.000000
1433250000.000000 40300000.000000 40300000.000000 40300000.000000 0.000000 1220.000000
1496950000.000000 40300000.000000 40300000.000000 40300000.000000 0.000000 1220.000000
1560650000.000000 40300000.000000 40300000.000000 40300000.000000 0.000000 1220.000000
1624350000.000000 40300000.000000 40300000.000000 40300000.000000 0.000000 1220.000000
1688050000.000000 40300000.000000 40300000.000000 40300000.000000 0.000000 1220.000000
1751750000.000000 40300000.000000 40300000.000000 40300000.000000 0.000000 1220.000000
1815450000.000000 40300000.000000 40300000.000000 40300000.000000 0.000000 1220.000000
1879150000.000000 40300000.000000 40300000.000000 40300000.000000 0.000000 1220.000000
1942850000.000000 40300000.000000 40300000.000000 40300000.000000 0.000000 1220.000000
2006550000.000000 40300000.000000 40300000.000000 40300000.000000 0.000000 1220.000000
2070250000.000000 40300000.000000 40300000.000000 40300000.000000 0.000000 1220.000000
2133950000.000000 40300000.000000 40300000.000000 40300000.000000 0.000000 1220.000000
2197650000.000000 40300000.000000 40300000.000000 40300000.000000 0.000000 1220.000000
2261350000.000000 40300000.000000 40300000.000000 40300000.000000 0.000000 1220.000000
2325050000.000000 40300000.000000 40300000.000000 40300000.000000 0.000000 1220.000000
2388750000.000000 40300000.000000 40300000.000000 40300000.000000 0.000000 1220.000000
2452450000.000000 40300000.000000 40300000.000000 40300000.000000 0.000000 1220.000000
2516150000.000000 40300000.000000 40300000.000000 40300000.000000 0.000000 1220.000000
2579850000.000000 40300000.000000 40300000.000000 40300000.000000 0.000000 1220.000000
2643550000.000000 40300000.000000 40300000.000000 40300000.000000 0.000000 1220.000000
2707250000.000000 40300000.000000 40300000.000000 40300000.000000 0.000000 1220.000000
2770950000.000000 40300000.000000 40300000.000000 40300000.000000 0.000000 1220.000000
2834650000.000000 40300000.000000 40300000.000000 40300000.000000 0.000000 1220.000000
2898350000.000000 40300000.000000 40300000.000000 40300000.000000 0.000000 1220.000000
2962050000.000000 40300000.000000 40300000.000000 40300000.000000 0.000000 1220.000000
3025750000.000000 40300000.000000 40300000.000000 40300000.000000 0.000000 1220.000000
3089450000.000000 40300000.000000 40300000.000000 40300000.000000 0.000000 1220.000000
3153150000.000000 40300000.000000 40300000.000000 40300000.000000 0.000000 1220.000000
3216850000.000000 40300000.000000 40300000.000000 40300000.000000 0.000000 1220.000000
3280550000.000000 40300000.000000 40300000.000000 40300000.000000 0.000000 1220.000000
3344250000.000000 40300000.000000 40300000.000000 40300000.000000 0.000000 1220.000000
3407950000.000000 40300000.000000 40300000.000000 40300000.000000 0.000000 1220.000000
3471650000.000000 40300000.000000 40300000.000000 40300000.000000 0.000000 1220.000000
3535350000.000000 40300000.000000 40300000.000000 40300000.000000 0.000000 1220.000000
3599050000.000000 40300000.000000 40300000.000000 40300000.000000 0.000000 1220.000000
3662750000.000000 40300000.000000 40300000.000000 40300000.000000 0.000000 1220.000000
3726450000.000000 40300000.000000 40300000.000000 40300000.000000 0.000000 1220.000000
3790150000.000000 40300000.000000 40300000.000000 40300000.000000 0.000000 1220.000000
3853850000.000000 40300000.000000 40300000.000000 40300000.000000 0.000000 1220.000000
3917550000.000000 40300000.000000 40300000.000000 40300000.000000 0.000000 1220.000000
3981250000.000000 40300000.000000 40300000.000000 40300000.000000 0.000000 1220.000000
4044950000.000000 40300000.000000 40300000.000000 40300000.000000 0.000000 1220.000000
4108650000.000000 40300000.000000 40300000.000000 40300000.000000 0.000000 1220.000000
4172350000.000000 40300000.000000 40300000.000000 40300000.000000 0.000000 1220.000000
4236050000.000000 40300000.000000 40300000.000000 40300000.000000 0.000000 1220.000000
4299750000.000000 40300000.000000 40300000.000000 40300000.000000 0.000000 1220.000000
4363450000.000000 40300000.000000 40300000.000000 40300000.000000 0.000000 1220.000000
4427150000.000000 40300000.000000 40300000.000000 40300000.000000 0.000000 1220.000000
4490850000.000000 40300000.000000 40300000.000000 40300000.000000 0.000000 1220.000000
4554550000.000000 40300000.000000 40300000.000000 40300000.000000 0.000000 1220.000000
4618250000.000000 40300000.000000 40300000.000000 40300000.000000 0.000000 1220.000000
4681950000.000000 40300000.000000 40300000.000000 40300000.000000 0.000000 1220.000000
4745650000.000000 40300000.000000 40300000.000000 40300000.000000 0.000000 1220.000000
4809350000.000000 40300000.000000 40300000.000000 40300000.000000 0.000000 1220.000000
4873050000.000000 40300000.000000 40300000.000000 40300000.000000 0.000000 1220.000000
4936750000.000000 40300000.000000 40300000.000000 40300000.000000 0.000000 1220.000000
5000450000.000000 40300000.000000 40300000.000000 40300000.000000 0.000000 1220.000000
5064150000.000000 40300000.000000 40300000.000000 40300000.000000 0.000000 1220.000000
5127850000.000000 40300000.000000 40300000.000000 40300000.000000 0.000000 1220.000000
5191550000.000000 40300000.000000 40300000.000000 40300000.000000 0.000000 1220.000000
5255250000.000000 40300000.000000 40300000.000000 40300000.000000 0.000000 1220.000000
5318950000.000000 40300000.000000 40300000.000000 40300000.000000 0.000000 1220.000000
5382650000.000000 40300000.000000 40300000.000000 40300000.000000 0.000000 1220.000000
5446350000.000000 40300000.000000 40300000.000000 40300000.000000 0.000000 1220.000000
5510050000.000000 40300000.000000 40300000.000000 40300000.000000 0.000000 1220.000000
5573750000.000000 40300000.000000 40300000.000000 40300000.000000 0.000000 1220.000000
5637450000.000000 40300000.000000 40300000.000000 40300000.000000 0.000000 1220.000000
5701150000.000000 40300000.000000 40300000.000000 40300000.000000 0.000000 1220.000000
5764850000.000000 40300000.000000 40300000.000000 40300000.000000 0.000000 1220.000000
5828550000.000000 40300000.000000 40300000.000000 40300000.000000 0.000000 1220.000000
5892250000.000000 40300000.000000 40300000.000000 40300000.000000 0.000000 1220.000000
5955950000.000000 40300000.000000 40300000.000000 40300000.000000 0.000000 1220.000000
6019650000.000000 40300000.000000 40300000.000000 40300000.000000 0.000000 1220.000000
6083350000.000000 40300000.000000 40300000.000000 40300000.000000 0.000000 1220.000000
6147050000.000000 40300000.000000 40300000.000000 40300000.000000 0.000000 1220.000000
6210750000.000000 40300000.000000 40300000.000000 40300000.000000 0.000000 1220.000000
6274450000.000000 40300000.000000 40300000.000000 40300000.000000 0.000000 1220.000000
6338150000.000000 39166342.593371 39166342.593371 40300000.000000 0.000000 1220.000000
31850000.000000 40300000.000000 40300000.000000 40300000.000000 0.000300 1220.000000
95550000.000000 40300000.000000 40300000.000000 40300000.000000 0.000000 1220.000000
159250000.000000 40300000.000000 40300000.000000 40300000.000000 0.000000 1220.000000
222950000.000000 40300000.000000 40300000.000000 40300000.000000 0.000000 1220.000000
286650000.000000 40300000.000000 40300000.000000 40300000.000000 0.000000 1220.000000
350350000.000000 40300000.000000 40300000.000000 40300000.000000 0.000000 1220.000000
414050000.000000 40300000.000000 40300000.000000 40300000.000000 0.000000 1220.000000
477750000.000000 40300000.000000 40300000.000000 40300000.000000 0.000000 1220.000000
541450000.000000 40300000.000000 40300000.000000 40300000.000000 0.000000 1220.000000
605150000.000000 40300000.000000 40300000.000000 40300000.000000 0.000000 1220.000000
668850000.000000 40300000.000000 40300000.000000 40300000.000000 0.000000 1220.000000
732550000.000000 40300000.000000 40300000.000000 40300000.000000 0.000000 1220.000000
796250000.000000 40300000.000000 40300000.000000 40300000.000000 0.000000 1220.000000
859950000.000000 40300000.000000 40300000.000000 40300000.000000 0.000000 1220.000000
923650000.000000 40300000.000000 40300000.000000 40300000.000000 0.000000 1220.000000
987350000.000000 40300000.000000 40300000.000000 40300000.000000 0.000000 1220.000000
1051050000.000000 40300000.000000 40300000.000000 40300000.000000 0.000000 1220.000000
1114750000.000000 40300000.000000 40300000.000000 40300000.000000 0.000000 1220.000000
1178450000.000000 40300000.000000 40300000.000000 40300000.000000 0.000000 1220.000000
1242150000.000000 40300000.000000 40300000.000000 40300000.000000 0.000000 1220.000000
1305850000.000000 40300000.000000 40300000.000000 40300000.000000 0.000000 1220.000000
1369550000.000000 40300000.000000 40300000.000000 40300000.000000 0.000000 1220.000000
1433250000.000000 40300000.000000 40300000.000000 40300000.000000 0.000000 1220.000000
1496950000.000000 40300000.000000 40300000.000000 40300000.000000 0.000000 1220.000000
1560650000.000000 40300000.000000 40300000.000000 40300000.000000 0.000000 1220.000000
1624350000.000000 40300000.000000 40300000.000000 40300000.000000 0.000000 1220.000000
1688050000.000000 40300000.000000 40300000.000000 40300000.000000 0.000000 1220.000000
1751750000.000000 40300000.000000 40300000.000000 40300000.000000 0.000000 1220.000000
1815450000.000000 40300000.000000 40300000.000000 40300000.000000 0.000000 1220.000000
1879150000.000000 40300000.000000 40300000.000000 40300000.000000 0.000000 1220.000000
1942850000.000000 40300000.000000 40300000.000000 40300000.000000 0.000000 1220.000000
2006550000.000000 40300000.000000 40300000.000000 40300000.000000 0.000000 1220.000000
2070250000.000000 40300000.000000 40300000.000000 40300000.000000 0.000000 1220.000000
2133950000.000000 40300000.000000 40300000.000000 40300000.000000 0.000000 1220.000000
2197650000.000000 40300000.000000 40300000.000000 40300000.000000 0.000000 1220.000000
2261350000.000000 40300000.000000 40300000.000000 40300000.000000 0.000000 1220.000000
2325050000.000000 40300000.000000 40300000.000000 40300000.000000 0.000000 1220.000000
2388750000.000000 40300000.000000 40300000.000000 40300000.000000 0.000000 1220.000000
2452450000.000000 40300000.000000 40300000.000000 40300000.000000 0.000000 1220.000000
2516150000.000000 40300000.000000 40300000.000000 40300000.000000 0.000000 1220.000000
2579850000.000000 40300000.000000 40300000.000000 40300000.000000 0.000000 1220.000000
2643550000.000000 40300000.000000 40300000.000000 40300000.000000 0.000000 1220.000000
2707250000.000000 40300000.000000 40300000.000000 40300000.000000 0.000000 1220.000000
2770950000.000000 40300000.000000 40300000.000000 40300000.000000 0.000000 1220.000000
2834650000.000000 40300000.000000 40300000.000000 40300000.000000 0.000000 1220.000000
2898350000.000000 40300000.000000 40300000.000000 40300000.000000 0.000000 1220.000000
2962050000.000000 40300000.000000 40300000.000000 40300000.000000 0.000000 1220.000000
3025750000.000000 40300000.000000 40300000.000000 40300000.000000 0.000000 1220.000000
3089450000.000000 40300000.000000 40300000.000000 40300000.000000 0.000000 1220.000000
3153150000.000000 40300000.000000 40300000.000000 40300000.000000 0.000000 1220.000000
3216850000.000000 40300000.000000 40300000.000000 40300000.000000 0.000000 1220.000000
3280550000.000000 40300000.000000 40300000.000000 40300000.000000 0.000000 1220.000000
3344250000.000000 40300000.000000 40300000.000000 40300000.000000 0.000000 1220.000000
3407950000.000000 40300000.000000 40300000.000000 40300000.000000 0.000000 1220.000000
3471650000.000000 40300000.000000 40300000.000000 40300000.000000 0.000000 1220.000000
3535350000.000000 40300000.000000 40300000.000000 40300000.000000 0.000000 1220.000000
3599050000.000000 40300000.000000 40300000.000000 40300000.000000 0.000000 1220.000000
3662750000.000000 40300000.000000 40300000.000000 40300000.000000 0.000000 1220.000000
3726450000.000000 40300000.000000 40300000.000000 40300000.000000 0.000000 1220.000000
3790150000.000000 40300000.000000 40300000.000000 40300000.000000 0.000000 1220.000000
3853850000.000000 40300000.000000 40300000.000000 40300000.000000 0.000000 1220.000000
3917550000.000000 40300000.000000 40300000.000000 40300000.000000 0.000000 1220.000000
3981250000.000000 40300000.000000 40300000.000000 40300000.000000 0.000000 1220.000000
4044950000.000000 40300000.000000 40300000.000000 40300000.000000 0.000000 1220.000000
4108650000.000000 40300000.000000 40300000.000000 40300000.000000 0.000000 1220.000000
4172350000.000000 40300000.000000 40300000.000000 40300000.000000 0.000000 1220.000000
4236050000.000000 40300000.000000 40300000.000000 40300000.000000 0.000000 1220.000000
4299750000.000000 40300000.000000 40300000.000000 40300000.000000 0.000000 1220.000000
4363450000.000000 40300000.000000 40300000.000000 40300000.000000 0.000000 1220.000000
4427150000.000000 40300000.000000 40300000.000000 40300000.000000 0.000000 1220.000000
4490850000.000000 40300000.000000 40300000.000000 40300000.000000 0.000000 1220.000000
4554550000.000000 40300000.000000 40300000.000000 40300000.000000 0.000000 1220.000000
4618250000.000000 40300000.000000 40300000.000000 40300000.000000 0.000000 1220.000000
4681950000.000000 40300000.000000 40300000.000000 40300000.000000 0.000000 1220.000000
4745650000.000000 40300000.000000 40300000.000000 40300000.000000 0.000000 1220.000000
4809350000.000000 40300000.000000 40300000.000000 40300000.000000 0.000000 1220.000000
4873050000.000000 40300000.000000 40300000.000000 40300000.000000 0.000000 1220.000000
4936750000.000000 40300000.000000 40300000.000000 40300000.000000 0.000000 1220.000000
5000450000.000000 40300000.000000 40300000.000000 40300000.000000 0.000000 1220.000000
5064150000.000000 40300000.000000 40300000.000000 40300000.000000 0.000000 1220.000000
5127850000.000000 40300000.000000 40300000.000000 40300000.000000 0.000000 1220.000000
5191550000.000000 40300000.000000 40300000.000000 40300000.000000 0.000000 1220.000000
5255250000.000000 40300000.000000 40300000.000000 40300000.000000 0.000000 1220.000000
5318950000.000000 40300000.000000 40300000.000000 40300000.000000 0.000000 1220.000000
5382650000.000000 40300000.000000 40300000.000000 40300000.000000 0.000000 1220.000000
5446350000.000000 40300000.000000 40300000.000000 40300000.000000 0.000000 1220.000000
5510050000.000000 40300000.000000 40300000.000000 40300000.000000 0.000000 1220.000000
5573750000.000000 40300000.000000 40300000.000000 40300000.000000 0.000000 1220.000000
5637450000.000000 40300000.000000 40300000.000000 40300000.000000 0.000000 1220.000000
5701150000.000000 40300000.000000 40300000.000000 40300000.000000 0.000000 1220.000000
5764850000.000000 40300000.000000 40300000.000000 40300000.000000 0.000000 1220.000000
5828550000.000000 40300000.000000 40300000.000000 40300000.000000 0.000000 1220.000000
5892250000.000000 40300000.000000 40300000.000000 40300000.000000 0.000000 1220.000000
5955950000.000000 40300000.000000 40300000.000000 40300000.000000 0.000000 1220.000000
6019650000.000000 40300000.000000 40300000.000000 40300000.000000 0.000000 1220.000000
6083350000.000000 40300000.000000 40300000.000000 40300000.000000 0.000000 1220.000000
6147050000.000000 40300000.000000 40300000.000000 40300000.000000 0.000000 1220.000000
6210750000.000000 40300000.000000 40300000.000000 40300000.000000 0.000000 1220.000000
6274450000.000000 40300000.000000 40300000.000000 40300000.000000 0.000000 1220.000000
6338150000.000000 36275391.340541 36275391.340541 40300000.000000 0.000000 1220.000000
31850000.000000 40300000.000000 40300000.000000 40300000.000000 0.000000 1220.000000
95550000.000000 40300000.000000 40300000.000000 40300000.000000 0.000300 1220.000000
159250000.000000 40300000.000000 40300000.000000 40300000.000000 0.000000 1220.000000
222950000.000000 40300000.000000 40300000.000000 40300000.000000 0.000000 1220.000000
286650000.000000 40300000.000000 40300000.000000 40300000.000000 0.000000 1220.000000
350350000.000000 40300000.000000 40300000.000000 40300000.000000 0.000000 1220.000000
414050000.000000 40300000.000000 40300000.000000 40300000.000000 0.000000 1220.000000
477750000.000000 40300000.000000 40300000.000000 40300000.000000 0.000000 1220.000000
541450000.000000 40300000.000000 40300000.000000 40300000.000000 0.000000 1220.000000
605150000.000000 40300000.000000 40300000.000000 40300000.000000 0.000000 1220.000000
668850000.000000 40300000.000000 40300000.000000 40300000.000000 0.000000 1220.000000
732550000.000000 40300000.000000 40300000.000000 40300000.000000 0.000000 1220.000000
796250000.000000 40300000.000000 40300000.000000 40300000.000000 0.000000 1220.000000
859950000.000000 40300000.000000 40300000.000000 40300000.000000 0.000000 1220.000000
923650000.000000 40300000.000000 40300000.000000 40300000.000000 0.000000 1220.000000
987350000.000000 40300000.000000 40300000.000000 40300000.000000 0.000000 1220.000000
1051050000.000000 40300000.000000 40300000.000000 40300000.000000 0.000000 1220.000000
1114750000.000000 40300000.000000 40300000.000000 40300000.000000 0.000000 1220.000000
1178450000.000000 40300000.000000 40300000.000000 40300000.000000 0.000000 1220.000000
1242150000.000000 40300000.000000 40300000.000000 40300000.000000 0.000000 1220.000000
1305850000.000000 40300000.000000 40300000.000000 40300000.000000 0.000000 1220.000000
1369550000.000000 40300000.000000 40300000.000000 40300000.000000 0.000000 1220.000000
1433250000.000000 40300000.000000 40300000.000000 40300000.000000 0.000000 1220.000000
1496950000.000000 40300000.000000 40300000.000000 40300000.000000 0.000000 1220.000000
1560650000.000000 40300000.000000 40300000.000000 40300000.000000 0.000000 1220.000000
1624350000.000000 40300000.000000 40300000.000000 40300000.000000 0.000000 1220.000000
1688050000.000000 40300000.000000 40300000.000000 40300000.000000 0.000000 1220.000000
1751750000.000000 40300000.000000 40300000.000000 40300000.000000 0.000000 1220.000000
1815450000.000000 40300000.000000 40300000.000000 40300000.000000 0.000000 1220.000000
1879150000.000000 40300000.000000 40300000.000000 40300000.000000 0.000000 1220.000000
1942850000.000000 40300000.000000 40300000.000000 40300000.000000 0.000000 1220.000000
2006550000.000000 40300000.000000 40300000.000000 40300000.000000 0.000000 1220.000000
2070250000.000000 40300000.000000 40300000.000000 40300000.000000 0.000000 1220.000000
2133950000.000000 40300000.000000 40300000.000000 40300000.000000 0.000000 1220.000000
2197650000.000000 40300000.000000 40300000.000000 40300000.000000 0.000000 1220.000000
2261350000.000000 40300000.000000 40300000.000000 40300000.000000 0.000000 1220.000000
2325050000.000000 40300000.000000 40300000.000000 40300000.000000 0.000000 1220.000000
2388750000.000000 40300000.000000 40300000.000000 40300000.000000 0.000000 1220.000000
2452450000.000000 40300000.000000 40300000.000000 40300000.000000 0.000000 1220.000000
2516150000.000000 40300000.000000 40300000.000000 40300000.000000 0.000000 1220.000000
2579850000.000000 40300000.000000 40300000.000000 40300000.000000 0.000000 1220.000000
2643550000.000000 40300000.000000 40300000.000000 40300000.000000 0.000000 1220.000000
2707250000.000000 40300000.000000 40300000.000000 40300000.000000 0.000000 1220.000000
2770950000.000000 40300000.000000 40300000.000000 40300000.000000 0.000000 1220.000000
2834650000.000000 40300000.000000 40300000.000000 40300000.000000 0.000000 1220.000000
2898350000.000000 40300000.000000 40300000.000000 40300000.000000 0.000000 1220.000000
2962050000.000000 40300000.000000 40300000.000000 40300000.000000 0.000000 1220.000000
3025750000.000000 40300000.000000 40300000.000000 40300000.000000 0.000000 1220.000000
3089450000.000000 40300000.000000 40300000.000000 40300000.000000 0.000000 1220.000000
3153150000.000000 40300000.000000 40300000.000000 40300000.000000 0.000000 1220.000000
3216850000.000000 40300000.000000 40300000.000000 40300000.000000 0.000000 1220.000000
3280550000.000000 40300000.000000 40300000.000000 40300000.000000 0.000000 1220.000000
3344250000.000000 40300000.000000 40300000.000000 40300000.000000 0.000000 1220.000000
3407950000.000000 40300000.000000 40300000.000000 40300000.000000 0.000000 1220.000000
3471650000.000000 40300000.000000 40300000.000000 40300000.000000 0.000000 1220.000000
3535350000.000000 40300000.000000 40300000.000000 40300000.000000 0.000000 1220.000000
3599050000.000000 40300000.000000 40300000.000000 40300000.000000 0.000000 1220.000000
3662750000.000000 40300000.000000 40300000.000000 40300000.000000 0.000000 1220.000000
3726450000.000000 40300000.000000 40300000.000000 40300000.000000 0.000000 1220.000000
3790150000.000000 40300000.000000 40300000.000000 40300000.000000 0.000000 1220.000000
3853850000.000000 40300000.000000 40300000.000000 40300000.000000 0.000000 1220.000000
3917550000.000000 40300000.000000 40300000.000000 40300000.000000 0.000000 1220.000000
3981250000.000000 40300000.000000 40300000.000000 40300000.000000 0.000000 1220.000000
4044950000.000000 40300000.000000 40300000.000000 40300000.000000 0.000000 1220.000000
4108650000.000000 40300000.000000 40300000.000000 40300000.000000 0.000000 1220.000000
4172350000.000000 40300000.000000 40300000.000000 40300000.000000 0.000000 1220.000000
4236050000.000000 40300000.000000 40300000.000000 40300000.000000 0.000000 1220.000000
4299750000.000000 40300000.000000 40300000.000000 40300000.000000 0.000000 1220.000000
4363450000.000000 40300000.000000 40300000.000000 40300000.000000 0.000000 1220.000000
4427150000.000000 40300000.000000 40300000.000000 40300000.000000 0.000000 1220.000000
4490850000.000000 40300000.000000 40300000.000000 40300000.000000 0.000000 1220.000000
4554550000.000000 40300000.000000 40300000.000000 40300000.000000 0.000000 1220.000000
4618250000.000000 40300000.000000 40300000.000000 40300000.000000 0.000000 1220.000000
4681950000.000000 40300000.000000 40300000.000000 40300000.000000 0.000000 1220.000000
4745650000.000000 40300000.000000 40300000.000000 40300000.000000 0.000000 1220.000000
4809350000.000000 40300000.000000 40300000.000000 40300000.000000 0.000000 1220.000000
4873050000.000000 40300000.000000 40300000.000000 40300000.000000 0.000000 1220.000000
4936750000.000000 40300000.000000 40300000.000000 40300000.000000 0.000000 1220.000000
5000450000.000000 40300000.000000 40300000.000000 40300000.000000 0.000000 1220.000000
5064150000.000000 40300000.000000 40300000.000000 40300000.000000 0.000000 1220.000000
5127850000.000000 40300000.000000 40300000.000000 40300000.000000 0.000000 1220.000000
5191550000.000000 40300000.000000 40300000.000000 40300000.000000 0.000000 1220.000000
5255250000.000000 40300000.000000 40300000.000000 40300000.000000 0.000000 1220.000000
5318950000.000000 40300000.000000 40300000.000000 40300000.000000 0.000000 1220.000000
5382650000.000000 40300000.000000 40300000.000000 40300000.000000 0.000000 1220.000000
5446350000.000000 40300000.000000 40300000.000000 40300000.000000 0.000000 1220.000000
5510050000.000000 40300000.000000 40300000.000000 40300000.000000 0.000000 1220.000000
5573750000.000000 40300000.000000 40300000.000000 40300000.000000 0.000000 1220.000000
5637450000.000000 40300000.000000 40300000.000000 40300000.000000 0.000000 1220.000000
5701150000.000000 40300000.000000 40300000.000000 40300000.000000 0.000000 1220.000000
5764850000.000000 40300000.000000 40300000.000000 40300000.000000 0.000000 1220.000000
5828550000.000000 40300000.000000 40300000.000000 40300000.000000 0.000000 1220.000000
5892250000.000000 40300000.000000 40300000.000000 40300000.000000 0.000000 1220.000000
5955950000.000000 40300000.000000 40300000.000000 40300000.000000 0.000000 1220.000000
6019650000.000000 40300000.000000 40300000.000000 40300000.000000 0.000000 1220.000000
6083350000.000000 40300000.000000 40300000.000000 40300000.000000 0.000000 1220.000000
6147050000.000000 40300000.000000 40300000.000000 40300000.000000 0.000000 1220.000000
6210750000.000000 40300000.000000 40300000.000000 40300000.000000 0.000000 1220.000000
6274450000.000000 40125775.804942 40125775.804942 40300000.000000 0.000000 1220.000000
6338150000.000000 34191522.961587 34191522.961587 40300000.000000 0.000000 1220.000000
31850000.000000 40300000.000000 40300000.000000 40300000.000000 0.000000 1220.000000
95550000.000000 40300000.000000 40300000.000000 40300000.000000 0.000300 1220.000000
159250000.000000 40300000.000000 40300000.000000 40300000.000000 0.000000 1220.000000
222950000.000000 40300000.000000 40300000.000000 40300000.000000 0.000000 1220.000000
286650000.000000 40300000.000000 40300000.000000 40300000.000000 0.000000 1220.000000
350350000.000000 40300000.000000 40300000.000000 40300000.000000 0.000000 1220.000000
414050000.000000 40300000.000000 40300000.000000 40300000.000000 0.000000 1220.000000
477750000.000000 40300000.000000 40300000.000000 40300000.000000 0.000000 1220.000000
541450000.000000 40300000.000000 40300000.000000 40300000.000000 0.000000 1220.000000
605150000.000000 40300000.000000 40300000.000000 40300000.000000 0.000000 1220.000000
668850000.000000 40300000.000000 40300000.000000 40300000.000000 0.000000 1220.000000
732550000.000000 40300000.000000 40300000.000000 40300000.000000 0.000000 1220.000000
796250000.000000 40300000.000000 40300000.000000 40300000.000000 0.000000 1220.000000
859950000.000000 40300000.000000 40300000.000000 40300000.000000 0.000000 1220.000000
923650000.000000 40300000.000000 40300000.000000 40300000.000000 0.000000 1220.000000
987350000.000000 40300000.000000 40300000.000000 40300000.000000 0.000000 1220.000000
1051050000.000000 40300000.000000 40300000.000000 40300000.000000 0.000000 1220.000000
1114750000.000000 40300000.000000 40300000.000000 40300000.000000 0.000000 1220.000000
1178450000.000000 40300000.000000 40300000.000000 40300000.000000 0.000000 1220.000000
1242150000.000000 40300000.000000 40300000.000000 40300000.000000 0.000000 1220.000000
1305850000.000000 40300000.000000 40300000.000000 40300000.000000 0.000000 1220.000000
1369550000.000000 40300000.000000 40300000.000000 40300000.000000 0.000000 1220.000000
1433250000.000000 40300000.000000 40300000.000000 40300000.000000 0.000000 1220.000000
1496950000.000000 40300000.000000 40300000.000000 40300000.000000 0.000000 1220.000000
1560650000.000000 40300000.000000 40300000.000000 40300000.000000 0.000000 1220.000000
1624350000.000000 40300000.000000 40300000.000000 40300000.000000 0.000000 1220.000000
1688050000.000000 40300000.000000 40300000.000000 40300000.000000 0.000000 1220.000000
1751750000.000000 40300000.000000 40300000.000000 40300000.000000 0.000000 1220.000000
1815450000.000000 40300000.000000 40300000.000000 40300000.000000 0.000000 1220.000000
1879150000.000000 40300000.000000 40300000.000000 40300000.000000 0.000000 1220.000000
1942850000.000000 40300000.000000 40300000.000000 40300000.000000 0.000000 1220.000000
2006550000.000000 40300000.000000 40300000.000000 40300000.000000 0.000000 1220.000000
2070250000.000000 40300000.000000 40300000.000000 40300000.000000 0.000000 1220.000000
2133950000.000000 40300000.000000 40300000.000000 40300000.000000 0.000000 1220.000000
2197650000.000000 40300000.000000 40300000.000000 40300000.000000 0.000000 1220.000000
2261350000.000000 40300000.000000 40300000.000000 40300000.000000 0.000000 1220.000000
2325050000.000000 40300000.000000 40300000.000000 40300000.000000 0.000000 1220.000000
2388750000.000000 40300000.000000 40300000.000000 40300000.000000 0.000000 1220.000000
2452450000.000000 40300000.000000 40300000.000000 40300000.000000 0.000000 1220.000000
2516150000.000000 40300000.000000 40300000.000000 40300000.000000 0.000000 1220.000000
2579850000.000000 40300000.000000 40300000.000000 40300000.000000 0.000000 1220.000000
2643550000.000000 40300000.000000 40300000.000000 40300000.000000 0.000000 1220.000000
2707250000.000000 40300000.000000 40300000.000000 40300000.000000 0.000000 1220.000000
2770950000.000000 40300000.000000 40300000.000000 40300000.000000 0.000000 1220.000000
2834650000.000000 40300000.000000 40300000.000000 40300000.000000 0.000000 1220.000000
2898350000.000000 40300000.000000 40300000.000000 40300000.000000 0.000000 1220.000000
2962050000.000000 40300000.000000 40300000.000000 40300000.000000 0.000000 1220.000000
3025750000.000000 40300000.000000 40300000.000000 40300000.000000 0.000000 1220.000000
3089450000.000000 40300000.000000 40300000.000000 40300000.000000 0.000000 1220.000000
3153150000.000000 40300000.000000 40300000.000000 40300000.000000 0.000000 1220.000000
3216850000.000000 40300000.000000 40300000.000000 40300000.000000 0.000000 1220.000000
3280550000.000000 40300000.000000 40300000.000000 40300000.000000 0.000000 1220.000000
3344250000.000000 40300000.000000 40300000.000000 40300000.000000 0.000000 1220.000000
3407950000.000000 40300000.000000 40300000.000000 40300000.000000 0.000000 1220.000000
3471650000.000000 40300000.000000 40300000.000000 40300000.000000 0.000000 1220.000000
3535350000.000000 40300000.000000 40300000.000000 40300000.000000 0.000000 1220.000000
3599050000.000000 40300000.000000 40300000.000000 40300000.000000 0.000000 1220.000000
3662750000.000000 40300000.000000 40300000.000000 40300000.000000 0.000000 1220.000000
3726450000.000000 40300000.000000 40300000.000000 40300000.000000 0.000000 1220.000000
3790150000.000000 40300000.000000 40300000.000000 40300000.000000 0.000000 1220.000000
3853850000.000000 40300000.000000 40300000.000000 40300000.000000 0.000000 1220.000000
3917550000.000000 40300000.000000 40300000.000000 40300000.000000 0.000000 1220.000000
3981250000.000000 40300000.000000 40300000.000000 40300000.000000 0.000000 1220.000000
4044950000.000000 40300000.000000 40300000.000000 40300000.000000 0.000000 1220.000000
4108650000.000000 40300000.000000 40300000.000000 40300000.000000 0.000000 1220.000000
4172350000.000000 40300000.000000 40300000.000000 40300000.000000 0.000000 1220.000000
4236050000.000000 40300000.000000 40300000.000000 40300000.000000 0.000000 1220.000000
4299750000.000000 40300000.000000 40300000.000000 40300000.000000 0.000000 1220.000000
4363450000.000000 40300000.000000 40300000.000000 40300000.000000 0.000000 1220.000000
4427150000.000000 40300000.000000 40300000.000000 40300000.000000 0.000000 1220.000000
4490850000.000000 40300000.000000 40300000.000000 40300000.000000 0.000000 1220.000000
4554550000.000000 40300000.000000 40300000.000000 40300000.000000 0.000000 1220.000000
4618250000.000000 40300000.000000 40300000.000000 40300000.000000 0.000000 1220.000000
4681950000.000000 40300000.000000 40300000.000000 40300000.000000 0.000000 1220.000000
4745650000.000000 40300000.000000 40300000.000000 40300000.000000 0.000000 1220.000000
4809350000.000000 40300000.000000 40300000.000000 40300000.000000 0.000000 1220.000000
4873050000.000000 40300000.000000 40300000.000000 40300000.000000 0.000000 1220.000000
4936750000.000000 40300000.000000 40300000.000000 40300000.000000 0.000000 1220.000000
5000450000.000000 40300000.000000 40300000.000000 40300000.000000 0.000000 1220.000000
5064150000.000000 40300000.000000 40300000.000000 40300000.000000 0.000000 1220.000000
5127850000.000000 40300000.000000 40300000.000000 40300000.000000 0.000000 1220.000000
5191550000.000000 40300000.000000 40300000.000000 40300000.000000 0.000000 1220.000000
5255250000.000000 40300000.000000 40300000.000000 40300000.000000 0.000000 1220.000000
5318950000.000000 40300000.000000 40300000.000000 40300000.000000 0.000000 1220.000000
5382650000.000000 40300000.000000 40300000.000000 40300000.000000 0.000000 1220.000000
5446350000.000000 40300000.000000 40300000.000000 40300000.000000 0.000000 1220.000000
5510050000.000000 40300000.000000 40300000.000000 40300000.000000 0.000000 1220.000000
5573750000.000000 40300000.000000 40300000.000000 40300000.000000 0.000000 1220.000000
5637450000.000000 40300000.000000 40300000.000000 40300000.000000 0.000000 1220.000000
5701150000.000000 40300000.000000 40300000.000000 40300000.000000 0.000000 1220.000000
5764850000.000000 40300000.000000 40300000.000000 40300000.000000 0.000000 1220.000000
5828550000.000000 40300000.000000 40300000.000000 40300000.000000 0.000000 1220.000000
5892250000.000000 40300000.000000 40300000.000000 40300000.000000 0.000000 1220.000000
5955950000.000000 40300000.000000 40300000.000000 40300000.000000 0.000000 1220.000000
6019650000.000000 40300000.000000 40300000.000000 40300000.000000 0.000000 1220.000000
6083350000.000000 40300000.000000 40300000.000000 40300000.000000 0.000000 1220.000000
6147050000.000000 40300000.000000 40300000.000000 40300000.000000 0.000000 1220.000000
6210750000.000000 40335081.729730 40335081.729730 40300000.000000 0.000000 1220.000000
6274450000.000000 38940582.161857 38940582.161857 40300000.000000 0.000000 1220.000000
6338150000.000000 33572417.649223 33572417.649223 40300000.000000 0.000000 1220.000000
31850000.000000 40300000.000000 40300000.000000 40300000.000000 0.000000 1220.000000
95550000.000000 40300000.000000 40300000.000000 40300000.000000 0.000300 1220.000000
159250000.000000 40300000.000000 40300000.000000 40300000.000000 0.000000 1220.000000
222950000.000000 40300000.000000 40300000.000000 40300000.000000 0.000000 1220.000000
286650000.000000 40300000.000000 40300000.000000 40300000.000000 0.000000 1220.000000
350350000.000000 40300000.000000 40300000.000000 40300000.000000 0.000000 1220.000000
414050000.000000 40300000.000000 40300000.000000 40300000.000000 0.000000 1220.000000
477750000.000000 40300000.000000 40300000.000000 40300000.000000 0.000000 1220.000000
541450000.000000 40300000.000000 40300000.000000 40300000.000000 0.000000 1220.000000
605150000.000000 40300000.000000 40300000.000000 40300000.000000 0.000000 1220.000000
668850000.000000 40300000.000000 40300000.000000 40300000.000000 0.000000 1220.000000
732550000.000000 40300000.000000 40300000.000000 40300000.000000 0.000000 1220.000000
796250000.000000 40300000.000000 40300000.000000 40300000.000000 0.000000 1220.000000
859950000.000000 40300000.000000 40300000.000000 40300000.000000 0.000000 1220.000000
923650000.000000 40300000.000000 40300000.000000 40300000.000000 0.000000 1220.000000
987350000.000000 40300000.000000 40300000.000000 40300000.000000 0.000000 1220.000000
1051050000.000000 40300000.000000 40300000.000000 40300000.000000 0.000000 1220.000000
1114750000.000000 40300000.000000 40300000.000000 40300000.000000 0.000000 1220.000000
1178450000.000000 40300000.000000 40300000.000000 40300000.000000 0.000000 1220.000000
1242150000.000000 40300000.000000 40300000.000000 40300000.000000 0.000000 1220.000000
1305850000.000000 40300000.000000 40300000.000000 40300000.000000 0.000000 1220.000000
1369550000.000000 40300000.000000 40300000.000000 40300000.000000 0.000000 1220.000000
1433250000.000000 40300000.000000 40300000.000000 40300000.000000 0.000000 1220.000000
1496950000.000000 40300000.000000 40300000.000000 40300000.000000 0.000000 1220.000000
1560650000.000000 40300000.000000 40300000.000000 40300000.000000 0.000000 1220.000000
1624350000.000000 40300000.000000 40300000.000000 40300000.000000 0.000000 1220.000000
1688050000.000000 40300000.000000 40300000.000000 40300000.000000 0.000000 1220.000000
1751750000.000000 40300000.000000 40300000.000000 40300000.000000 0.000000 1220.000000
1815450000.000000 40300000.000000 40300000.000000 40300000.000000 0.000000 1220.000000
1879150000.000000 40300000.000000 40300000.000000 40300000.000000 0.000000 1220.000000
1942850000.000000 40300000.000000 40300000.000000 40300000.000000 0.000000 1220.000000
2006550000.000000 40300000.000000 40300000.000000 40300000.000000 0.000000 1220.000000
2070250000.000000 40300000.000000 40300000.000000 40300000.000000 0.000000 1220.000000
2133950000.000000 40300000.000000 40300000.000000 40300000.000000 0.000000 1220.000000
2197650000.000000 40300000.000000 40300000.000000 40300000.000000 0.000000 1220.000000
2261350000.000000 40300000.000000 40300000.000000 40300000.000000 0.000000 1220.000000
2325050000.000000 40300000.000000 40300000.000000 40300000.000000 0.000000 1220.000000
2388750000.000000 40300000.000000 40300000.000000 40300000.000000 0.000000 1220.000000
2452450000.000000 40300000.000000 40300000.000000 40300000.000000 0.000000 1220.000000
2516150000.000000 40300000.000000 40300000.000000 40300000.000000 0.000000 1220.000000
2579850000.000000 40300000.000000 40300000.000000 40300000.000000 0.000000 1220.000000
2643550000.000000 40300000.000000 40300000.000000 40300000.000000 0.000000 1220.000000
2707250000.000000 40300000.000000 40300000.000000 40300000.000000 0.000000 1220.000000
2770950000.000000 40300000.000000 40300000.000000 40300000.000000 0.000000 1220.000000
2834650000.000000 40300000.000000 40300000.000000 40300000.000000 0.000000 1220.000000
2898350000.000000 40300000.000000 40300000.000000 40300000.000000 0.000000 1220.000000
2962050000.000000 40300000.000000 40300000.000000 40300000.000000 0.000000 1220.000000
3025750000.000000 40300000.000000 40300000.000000 40300000.000000 0.000000 1220.000000
3089450000.000000 40300000.000000 40300000.000000 40300000.000000 0.000000 1220.000000
3153150000.000000 40300000.000000 40300000.000000 40300000.000000 0.000000 1220.000000
3216850000.000000 40300000.000000 40300000.000000 40300000.000000 0.000000 1220.000000
3280550000.000000 40300000.000000 40300000.000000 40300000.000000 0.000000 1220.000000
3344250000.000000 40300000.000000 40300000.000000 40300000.000000 0.000000 1220.000000
3407950000.000000 40300000.000000 40300000.000000 40300000.000000 0.000000 1220.000000
3471650000.000000 40300000.000000 40300000.000000 40300000.000000 0.000000 1220.000000
3535350000.000000 40300000.000000 40300000.000000 40300000.000000 0.000000 1220.000000
3599050000.000000 40300000.000000 40300000.000000 40300000.000000 0.000000 1220.000000
3662750000.000000 40300000.000000 40300000.000000 40300000.000000 0.000000 1220.000000
3726450000.000000 40300000.000000 40300000.000000 40300000.000000 0.000000 1220.000000
3790150000.000000 40300000.000000 40300000.000000 40300000.000000 0.000000 1220.000000
3853850000.000000 40300000.000000 40300000.000000 40300000.000000 0.000000 1220.000000
3917550000.000000 40300000.000000 40300000.000000 40300000.000000 0.000000 1220.000000
3981250000.000000 40300000.000000 40300000.000000 40300000.000000 0.000000 1220.000000
4044950000.000000 40300000.000000 40300000.000000 40300000.000000 0.000000 1220.000000
4108650000.000000 40300000.000000 40300000.000000 40300000.000000 0.000000 1220.000000
4172350000.000000 40300000.000000 40300000.000000 40300000.000000 0.000000 1220.000000
4236050000.000000 40300000.000000 40300000.000000 40300000.000000 0.000000 1220.000000
4299750000.000000 40300000.000000 40300000.000000 40300000.000000 0.000000 1220.000000
4363450000.000000 40300000.000000 40300000.000000 40300000.000000 0.000000 1220.000000
4427150000.000000 40300000.000000 40300000.000000 40300000.000000 0.000000 1220.000000
4490850000.000000 40300000.000000 40300000.000000 40300000.000000 0.000000 1220.000000
4554550000.000000 40300000.000000 40300000.000000 40300000.000000 0.000000 1220.000000
4618250000.000000 40300000.000000 40300000.000000 40300000.000000 0.000000 1220.000000
4681950000.000000 40300000.000000 40300000.000000 40300000.000000 0.000000 1220.000000
4745650000.000000 40300000.000000 40300000.000000 40300000.000000 0.000000 1220.000000
4809350000.000000 40300000.000000 40300000.000000 40300000.000000 0.000000 1220.000000
4873050000.000000 40300000.000000 40300000.000000 40300000.000000 0.000000 1220.000000
4936750000.000000 40300000.000000 40300000.000000 40300000.000000 0.000000 1220.000000
5000450000.000000 40300000.000000 40300000.000000 40300000.000000 0.000000 1220.000000
5064150000.000000 40300000.000000 40300000.000000 40300000.000000 0.000000 1220.000000
5127850000.000000 40300000.000000 40300000.000000 40300000.000000 0.000000 1220.000000
5191550000.000000 40300000.000000 40300000.000000 40300000.000000 0.000000 1220.000000
5255250000.000000 40300000.000000 40300000.000000 40300000.000000 0.000000 1220.000000
5318950000.000000 40300000.000000 40300000.000000 40300000.000000 0.000000 1220.000000
5382650000.000000 40300000.000000 40300000.000000 40300000.000000 0.000000 1220.000000
5446350000.000000 40300000.000000 40300000.000000 40300000.000000 0.000000 1220.000000
5510050000.000000 40300000.000000 40300000.000000 40300000.000000 0.000000 1220.000000
5573750000.000000 40300000.000000 40300000.000000 40300000.000000 0.000000 1220.000000
5637450000.000000 40300000.000000 40300000.000000 40300000.000000 0.000000 1220.000000
5701150000.000000 40300000.000000 40300000.000000 40300000.000000 0.000000 1220.000000
5764850000.000000 40300000.000000 40300000.000000 40300000.000000 0.000000 1220.000000
5828550000.000000 40300000.000000 40300000.000000 40300000.000000 0.000000 1220.000000
5892250000.000000 40300000.000000 40300000.000000 40300000.000000 0.000000 1220.000000
5955950000.000000 40300000.000000 40300000.000000 40300000.000000 0.000000 1220.000000
6019650000.000000 40300000.000000 40300000.000000 40300000.000000 0.000000 1220.000000
6083350000.000000 40300000.000000 40300000.000000 40300000.000000 0.000000 1220.000000
6147050000.000000 40300000.000000 40300000.000000 40300000.000000 0.000000 1220.000000
6210750000.000000 40609857.017177 40609857.017177 40300000.000000 0.000000 1220.000000
6274450000.000000 38239877.505954 38239877.505954 40300000.000000 0.000000 1220.000000
6338150000.000000 32589561.449720 32589561.449720 40300000.000000 0.000000 1220.000000
31850000.000000 40300000.000000 40300000.000000 40300000.000000 0.000000 1220.000000
95550000.000000 40300000.000000 40300000.000000 40300000.000000 0.000000 1220.000000
159250000.000000 40300000.000000 40300000.000000 40300000.000000 0.000300 1220.000000
222950000.000000 40300000.000000 40300000.000000 40300000.000000 0.000000 1220.000000
286650000.000000 40300000.000000 40300000.000000 40300000.000000 0.000000 1220.000000
350350000.000000 40300000.000000 40300000.000000 40300000.000000 0.000000 1220.000000
414050000.000000 40300000.000000 40300000.000000 40300000.000000 0.000000 1220.000000
477750000.000000 40300000.000000 40300000.000000 40300000.000000 0.000000 1220.000000
541450000.000000 40300000.000000 40300000.000000 40300000.000000 0.000000 1220.000000
605150000.000000 40300000.000000 40300000.000000 40300000.000000 0.000000 1220.000000
668850000.000000 40300000.000000 40300000.000000 40300000.000000 0.000000 1220.000000
732550000.000000 40300000.000000 40300000.000000 40300000.000000 0.000000 1220.000000
796250000.000000 40300000.000000 40300000.000000 40300000.000000 0.000000 1220.000000
859950000.000000 40300000.000000 40300000.000000 40300000.000000 0.000000 1220.000000
923650000.000000 40300000.000000 40300000.000000 40300000.000000 0.000000 1220.000000
987350000.000000 40300000.000000 40300000.000000 40300000.000000 0.000000 1220.000000
1051050000.000000 40300000.000000 40300000.000000 40300000.000000 0.000000 1220.000000
1114750000.000000 40300000.000000 40300000.000000 40300000.000000 0.000000 1220.000000
1178450000.000000 40300000.000000 40300000.000000 40300000.000000 0.000000 1220.000000
1242150000.000000 40300000.000000 40300000.000000 40300000.000000 0.000000 1220.000000
1305850000.000000 40300000.000000 40300000.000000 40300000.000000 0.000000 1220.000000
1369550000.000000 40300000.000000 40300000.000000 40300000.000000 0.000000 1220.000000
1433250000.000000 40300000.000000 40300000.000000 40300000.000000 0.000000 1220.000000
1496950000.000000 40300000.000000 40300000.000000 40300000.000000 0.000000 1220.000000
1560650000.000000 40300000.000000 40300000.000000 40300000.000000 0.000000 1220.000000
1624350000.000000 40300000.000000 40300000.000000 40300000.000000 0.000000 1220.000000
1688050000.000000 40300000.000000 40300000.000000 40300000.000000 0.000000 1220.000000
1751750000.000000 40300000.000000 40300000.000000 40300000.000000 0.000000 1220.000000
1815450000.000000 40300000.000000 40300000.000000 40300000.000000 0.000000 1220.000000
1879150000.000000 40300000.000000 40300000.000000 40300000.000000 0.000000 1220.000000
1942850000.000000 40300000.000000 40300000.000000 40300000.000000 0.000000 1220.000000
2006550000.000000 40300000.000000 40300000.000000 40300000.000000 0.000000 1220.000000
2070250000.000000 40300000.000000 40300000.000000 40300000.000000 0.000000 1220.000000
2133950000.000000 40300000.000000 40300000.000000 40300000.000000 0.000000 1220.000000
2197650000.000000 40300000.000000 40300000.000000 40300000.000000 0.000000 1220.000000
2261350000.000000 40300000.000000 40300000.000000 40300000.000000 0.000000 1220.000000
2325050000.000000 40300000.000000 40300000.000000 40300000.000000 0.000000 1220.000000
2388750000.000000 40300000.000000 40300000.000000 40300000.000000 0.000000 1220.000000
2452450000.000000 40300000.000000 40300000.000000 40300000.000000 0.000000 1220.000000
2516150000.000000 40300000.000000 40300000.000000 40300000.000000 0.000000 1220.000000
2579850000.000000 40300000.000000 40300000.000000 40300000.000000 0.000000 1220.000000
2643550000.000000 40300000.000000 40300000.000000 40300000.000000 0.000000 1220.000000
2707250000.000000 40300000.000000 40300000.000000 40300000.000000 0.000000 1220.000000
2770950000.000000 40300000.000000 40300000.000000 40300000.000000 0.000000 1220.000000
2834650000.000000 40300000.000000 40300000.000000 40300000.000000 0.000000 1220.000000
2898350000.000000 40300000.000000 40300000.000000 40300000.000000 0.000000 1220.000000
2962050000.000000 40300000.000000 40300000.000000 40300000.000000 0.000000 1220.000000
3025750000.000000 40300000.000000 40300000.000000 40300000.000000 0.000000 1220.000000
3089450000.000000 40300000.000000 40300000.000000 40300000.000000 0.000000 1220.000000
3153150000.000000 40300000.000000 40300000.000000 40300000.000000 0.000000 1220.000000
3216850000.000000 40300000.000000 40300000.000000 40300000.000000 0.000000 1220.000000
3280550000.000000 40300000.000000 40300000.000000 40300000.000000 0.000000 1220.000000
3344250000.000000 40300000.000000 40300000.000000 40300000.000000 0.000000 1220.000000
3407950000.000000 40300000.000000 40300000.000000 40300000.000000 0.000000 1220.000000
3471650000.000000 40300000.000000 40300000.000000 40300000.000000 0.000000 1220.000000
3535350000.000000 40300000.000000 40300000.000000 40300000.000000 0.000000 1220.000000
3599050000.000000 40300000.000000 40300000.000000 40300000.000000 0.000000 1220.000000
3662750000.000000 40300000.000000 40300000.000000 40300000.000000 0.000000 1220.000000
3726450000.000000 40300000.000000 40300000.000000 40300000.000000 0.000000 1220.000000
3790150000.000000 40300000.000000 40300000.000000 40300000.000000 0.000000 1220.000000
3853850000.000000 40300000.000000 40300000.000000 40300000.000000 0.000000 1220.000000
3917550000.000000 40300000.000000 40300000.000000 40300000.000000 0.000000 1220.000000
3981250000.000000 40300000.000000 40300000.000000 40300000.000000 0.000000 1220.000000
4044950000.000000 40300000.000000 40300000.000000 40300000.000000 0.000000 1220.000000
4108650000.000000 40300000.000000 40300000.000000 40300000.000000 0.000000 1220.000000
4172350000.000000 40300000.000000 40300000.000000 40300000.000000 0.000000 1220.000000
4236050000.000000 40300000.000000 40300000.000000 40300000.000000 0.000000 1220.000000
4299750000.000000 40300000.000000 40300000.000000 40300000.000000 0.000000 1220.000000
4363450000.000000 40300000.000000 40300000.000000 40300000.000000 0.000000 1220.000000
4427150000.000000 40300000.000000 40300000.000000 40300000.000000 0.000000 1220.000000
4490850000.000000 40300000.000000 40300000.000000 40300000.000000 0.000000 1220.000000
4554550000.000000 40300000.000000 40300000.000000 40300000.000000 0.000000 1220.000000
4618250000.000000 40300000.000000 40300000.000000 40300000.000000 0.000000 1220.000000
4681950000.000000 40300000.000000 40300000.000000 40300000.000000 0.000000 1220.000000
4745650000.000000 40300000.000000 40300000.000000 40300000.000000 0.000000 1220.000000
4809350000.000000 40300000.000000 40300000.000000 40300000.000000 0.000000 1220.000000
4873050000.000000 40300000.000000 40300000.000000 40300000.000000 0.000000 1220.000000
4936750000.000000 40300000.000000 40300000.000000 40300000.000000 0.000000 1220.000000
5000450000.000000 40300000.000000 40300000.000000 40300000.000000 0.000000 1220.000000
5064150000.000000 40300000.000000 40300000.000000 40300000.000000 0.000000 1220.000000
5127850000.000000 40300000.000000 40300000.000000 40300000.000000 0.000000 1220.000000
5191550000.000000 40300000.000000 40300000.000000 40300000.000000 0.000000 1220.000000
5255250000.000000 40300000.000000 40300000.000000 40300000.000000 0.000000 1220.000000
5318950000.000000 40300000.000000 40300000.000000 40300000.000000 0.000000 1220.000000
5382650000.000000 40300000.000000 40300000.000000 40300000.000000 0.000000 1220.000000
5446350000.000000 40300000.000000 40300000.000000 40300000.000000 0.000000 1220.000000
5510050000.000000 40300000.000000 40300000.000000 40300000.000000 0.000000 1220.000000
5573750000.000000 40300000.000000 40300000.000000 40300000.000000 0.000000 1220.000000
5637450000.000000 40300000.000000 40300000.000000 40300000.000000 0.000000 1220.000000
5701150000.000000 40300000.000000 40300000.000000 40300000.000000 0.000000 1220.000000
5764850000.000000 40300000.000000 40300000.000000 40300000.000000 0.000000 1220.000000
5828550000.000000 40300000.000000 40300000.000000 40300000.000000 0.000000 1220.000000
5892250000.000000 40300000.000000 40300000.000000 40300000.000000 0.000000 1220.000000
5955950000.000000 40300000.000000 40300000.000000 40300000.000000 0.000000 1220.000000
6019650000.000000 40300000.000000 40300000.000000 40300000.000000 0.000000 1220.000000
6083350000.000000 40300000.000000 40300000.000000 40300000.000000 0.000000 1220.000000
6147050000.000000 40300000.000000 40300000.000000 40300000.000000 0.000000 1220.000000
6210750000.000000 41110035.799292 41110035.799292 40300000.000000 0.000000 1220.000000
6274450000.000000 37326477.534669 37326477.534669 40300000.000000 0.000000 1220.000000
6338150000.000000 30645847.705057 30645847.705057 40300000.000000 0.000000 1220.000000
31850000.000000 40300000.000000 40300000.000000 40300000.000000 0.000000 1220.000000
95550000.000000 40300000.000000 40300000.000000 40300000.000000 0.000000 1220.000000
159250000.000000 40300000.000000 40300000.000000 40300000.000000 0.000300 1220.000000
222950000.000000 40300000.000000 40300000.000000 40300000.000000 0.000000 1220.000000
286650000.000000 40300000.000000 40300000.000000 40300000.000000 0.000000 1220.000000
350350000.000000 40300000.000000 40300000.000000 40300000.000000 0.000000 1220.000000
414050000.000000 40300000.000000 40300000.000000 40300000.000000 0.000000 1220.000000
477750000.000000 40300000.000000 40300000.000000 40300000.000000 0.000000 1220.000000
541450000.000000 40300000.000000 40300000.000000 40300000.000000 0.000000 1220.000000
605150000.000000 40300000.000000 40300000.000000 40300000.000000 0.000000 1220.000000
668850000.000000 40300000.000000 40300000.000000 40300000.000000 0.000000 1220.000000
732550000.000000 40300000.000000 40300000.000000 40300000.000000 0.000000 1220.000000
796250000.000000 40300000.000000 40300000.000000 40300000.000000 0.000000 1220.000000
859950000.000000 40300000.000000 40300000.000000 40300000.000000 0.000000 1220.000000
923650000.000000 40300000.000000 40300000.000000 40300000.000000 0.000000 1220.000000
987350000.000000 40300000.000000 40300000.000000 40300000.000000 0.000000 1220.000000
1051050000.000000 40300000.000000 40300000.000000 40300000.000000 0.000000 1220.000000
1114750000.000000 40300000.000000 40300000.000000 40300000.000000 0.000000 1220.000000
1178450000.000000 40300000.000000 40300000.000000 40300000.000000 0.000000 1220.000000
1242150000.000000 40300000.000000 40300000.000000 40300000.000000 0.000000 1220.000000
1305850000.000000 40300000.000000 40300000.000000 40300000.000000 0.000000 1220.000000
1369550000.000000 40300000.000000 40300000.000000 40300000.000000 0.000000 1220.000000
1433250000.000000 40300000.000000 40300000.000000 40300000.000000 0.000000 1220.000000
1496950000.000000 40300000.000000 40300000.000000 40300000.000000 0.000000 1220.000000
1560650000.000000 40300000.000000 40300000.000000 40300000.000000 0.000000 1220.000000
1624350000.000000 40300000.000000 40300000.000000 40300000.000000 0.000000 1220.000000
1688050000.000000 40300000.000000 40300000.000000 40300000.000000 0.000000 1220.000000
1751750000.000000 40300000.000000 40300000.000000 40300000.000000 0.000000 1220.000000
1815450000.000000 40300000.000000 40300000.000000 40300000.000000 0.000000 1220.000000
1879150000.000000 40300000.000000 40300000.000000 40300000.000000 0.000000 1220.000000
1942850000.000000 40300000.000000 40300000.000000 40300000.000000 0.000000 1220.000000
2006550000.000000 40300000.000000 40300000.000000 40300000.000000 0.000000 1220.000000
2070250000.000000 40300000.000000 40300000.000000 40300000.000000 0.000000 1220.000000
2133950000.000000 40300000.000000 40300000.000000 40300000.000000 0.000000 1220.000000
2197650000.000000 40300000.000000 40300000.000000 40300000.000000 0.000000 1220.000000
2261350000.000000 40300000.000000 40300000.000000 40300000.000000 0.000000 1220.000000
2325050000.000000 40300000.000000 40300000.000000 40300000.000000 0.000000 1220.000000
2388750000.000000 40300000.000000 40300000.000000 40300000.000000 0.000000 1220.000000
2452450000.000000 40300000.000000 40300000.000000 40300000.000000 0.000000 1220.000000
2516150000.000000 40300000.000000 40300000.000000 40300000.000000 0.000000 1220.000000
2579850000.000000 40300000.000000 40300000.000000 40300000.000000 0.000000 1220.000000
2643550000.000000 40300000.000000 40300000.000000 40300000.000000 0.000000 1220.000000
2707250000.000000 40300000.000000 40300000.000000 40300000.000000 0.000000 1220.000000
2770950000.000000 40300000.000000 40300000.000000 40300000.000000 0.000000 1220.000000
2834650000.000000 40300000.000000 40300000.000000 40300000.000000 0.000000 1220.000000
2898350000.000000 40300000.000000 40300000.000000 40300000.000000 0.000000 1220.000000
2962050000.000000 40300000.000000 40300000.000000 40300000.000000 0.000000 1220.000000
3025750000.000000 40300000.000000 40300000.000000 40300000.000000 0.000000 1220.000000
3089450000.000000 40300000.000000 40300000.000000 40300000.000000 0.000000 1220.000000
3153150000.000000 40300000.000000 40300000.000000 40300000.000000 0.000000 1220.000000
3216850000.000000 40300000.000000 40300000.000000 40300000.000000 0.000000 1220.000000
3280550000.000000 40300000.000000 40300000.000000 40300000.000000 0.000000 1220.000000
3344250000.000000 40300000.000000 40300000.000000 40300000.000000 0.000000 1220.000000
3407950000.000000 40300000.000000 40300000.000000 40300000.000000 0.000000 1220.000000
3471650000.000000 40300000.000000 40300000.000000 40300000.000000 0.000000 1220.000000
3535350000.000000 40300000.000000 40300000.000000 40300000.000000 0.000000 1220.000000
3599050000.000000 40300000.000000 40300000.000000 40300000.000000 0.000000 1220.000000
3662750000.000000 40300000.000000 40300000.000000 40300000.000000 0.000000 1220.000000
3726450000.000000 40300000.000000 40300000.000000 40300000.000000 0.000000 1220.000000
3790150000.000000 40300000.000000 40300000.000000 40300000.000000 0.000000 1220.000000
3853850000.000000 40300000.000000 40300000.000000 40300000.000000 0.000000 1220.000000
3917550000.000000 40300000.000000 40300000.000000 40300000.000000 0.000000 1220.000000
3981250000.000000 40300000.000000 40300000.000000 40300000.000000 0.000000 1220.000000
4044950000.000000 40300000.000000 40300000.000000 40300000.000000 0.000000 1220.000000
4108650000.000000 40300000.000000 40300000.000000 40300000.000000 0.000000 1220.000000
4172350000.000000 40300000.000000 40300000.000000 40300000.000000 0.000000 1220.000000
4236050000.000000 40300000.000000 40300000.000000 40300000.000000 0.000000 1220.000000
4299750000.000000 40300000.000000 40300000.000000 40300000.000000 0.000000 1220.000000
4363450000.000000 40300000.000000 40300000.000000 40300000.000000 0.000000 1220.000000
4427150000.000000 40300000.000000 40300000.000000 40300000.000000 0.000000 1220.000000
4490850000.000000 40300000.000000 40300000.000000 40300000.000000 0.000000 1220.000000
4554550000.000000 40300000.000000 40300000.000000 40300000.000000 0.000000 1220.000000
4618250000.000000 40300000.000000 40300000.000000 40300000.000000 0.000000 1220.000000
4681950000.000000 40300000.000000 40300000.000000 40300000.000000 0.000000 1220.000000
4745650000.000000 40300000.000000 40300000.000000 40300000.000000 0.000000 1220.000000
4809350000.000000 40300000.000000 40300000.000000 40300000.000000 0.000000 1220.000000
4873050000.000000 40300000.000000 40300000.000000 40300000.000000 0.000000 1220.000000
4936750000.000000 40300000.000000 40300000.000000 40300000.000000 0.000000 1220.000000
5000450000.000000 40300000.000000 40300000.000000 40300000.000000 0.000000 1220.000000
5064150000.000000 40300000.000000 40300000.000000 40300000.000000 0.000000 1220.000000
5127850000.000000 40300000.000000 40300000.000000 40300000.000000 0.000000 1220.000000
5191550000.000000 40300000.000000 40300000.000000 40300000.000000 0.000000 1220.000000
5255250000.000000 40300000.000000 40300000.000000 40300000.000000 0.000000 1220.000000
5318950000.000000 40300000.000000 40300000.000000 40300000.000000 0.000000 1220.000000
5382650000.000000 40300000.000000 40300000.000000 40300000.000000 0.000000 1220.000000
5446350000.000000 40300000.000000 40300000.000000 40300000.000000 0.000000 1220.000000
5510050000.000000 40300000.000000 40300000.000000 40300000.000000 0.000000 1220.000000
5573750000.000000 40300000.000000 40300000.000000 40300000.000000 0.000000 1220.000000
5637450000.000000 40300000.000000 40300000.000000 40300000.000000 0.000000 1220.000000
5701150000.000000 40300000.000000 40300000.000000 40300000.000000 0.000000 1220.000000
5764850000.000000 40300000.000000 40300000.000000 40300000.000000 0.000000 1220.000000
5828550000.000000 40300000.000000 40300000.000000 40300000.000000 0.000000 1220.000000
5892250000.000000 40300000.000000 40300000.000000 40300000.000000 0.000000 1220.000000
5955950000.000000 40300000.000000 40300000.000000 40300000.000000 0.000000 1220.000000
6019650000.000000 40300000.000000 40300000.000000 40300000.000000 0.000000 1220.000000
6083350000.000000 40300000.000000 40300000.000000 40300000.000000 0.000000 1220.000000
6147050000.000000 40338619.146050 40338619.146050 40300000.000000 0.000000 1220.000000
6210750000.000000 41400742.402412 41400742.402412 40300000.000000 0.000000 1220.000000
6274450000.000000 35611572.901309 35611572.901309 40300000.000000 0.000000 1220.000000
6338150000.000000 31095520.328697 31095520.328697 40300000.000000 0.000000 1220.000000
